soc.religion.christian2 , 0.3882744511884675
3 , 0.07001935978898487
4 , 0.055356547987677376
7 , 0.12734125435562305
8 , 0.14556524020562897
11 , 0.6024272785174697
12 , 0.12773975869660997
13 , 0.05401052942471897
14 , 0.02594064341148077
17 , 0.1598780463335348
18 , 0.311166799068701
20 , 0.03645318050703101
21 , 0.2518045716845166
24 , 0.23654950555963825
25 , 0.3783949177494278
27 , 0.1773945128589354
29 , 0.08388365439924979
30 , 0.21758380997550336
34 , 0.18732413041116555
35 , 0.11649505772884176
36 , 0.046828439165282586
37 , 0.0812416881332317
38 , 0.4735139770225586
40 , 0.18988890761020405
44 , 0.05518548659172159
47 , 0.38925124330138317
50 , 0.42268115499014963
54 , 0.20961141599005764
55 , 0.09513511579247266
57 , 0.03351353764494301
58 , 0.08559474928642025
59 , 0.4719029078118829
61 , 0.19272115621073396
64 , 0.0643147507034739
65 , 0.057734125207060775
66 , 0.028130111297944595
67 , 0.048401304509824085
68 , 0.04673475160682538
73 , 0.01247458547261412
74 , 0.05298120713718612
76 , 0.006489572103530285
79 , 0.019883367621065275
82 , 0.004323993876812817
83 , 0.01885456905494927
86 , 0.009672390748786133
87 , 0.012428050785937008
88 , 0.016220581288230694
89 , 0.0
90 , 0.005833706756616082
93 , 0.006626826461168843
97 , 0.011976562415780177
98 , 0.004443960332800223
100 , 0.027252174233350877
101 , 0.020652990211071746
102 , 0.016449691043660546
103 , 0.032220207950875206
106 , 0.0
108 , 0.002629018909691923
109 , 0.015782993024161564
113 , 0.011848494889897747
114 , 0.013077770731627613
118 , 0.03734185688294468
119 , 0.04425106884225204
120 , 0.05052624238757911
122 , 0.03195081709309778
124 , 0.004364075966670255
127 , 0.014695630667716604
131 , 0.015711100650432307
132 , 0.03604918809115536
134 , 0.015756395909405176
135 , 0.019938839806374946
138 , 0.0029138356867408058
139 , 0.00560208322248183
143 , 0.012930865641342736
144 , 0.010808250130846358
145 , 0.0024850584683295054
146 , 0.035653693921367934
149 , 0.00990840006401791
150 , 0.02425385529497119
151 , 0.02218813714801725
153 , 0.02379618272580162
155 , 0.0065079270958540705
156 , 0.010205987949503718
160 , 0.0
161 , 0.006029611976348954
164 , 0.012582192959495104
165 , 0.025238895196830022
167 , 0.011734694896895409
169 , 0.026230089604717243
172 , 0.03023721175530479
174 , 0.023769329195288326
175 , 0.158334925505031
176 , 0.017721999192084247
177 , 0.0019783669043973596
178 , 0.008591722343213863
179 , 0.024268198476015024
180 , 7.705652346437494E-4
182 , 0.01897361671604912
184 , 0.025313184107662028
186 , 0.03472189304266012
188 , 0.03425187007156124
191 , 0.006818856826293056
192 , 0.03610920335581247
193 , 0.0
194 , 0.006497189018044277
196 , 0.026180055855307617
199 , 0.038766690272314684
201 , 0.01211145448907316
203 , 0.05763099618464226
204 , 0.019335145490521545
207 , 0.028507430238432004
208 , 0.02394232020294819
211 , 0.01788658731034573
212 , 0.01983641467443286
214 , 0.00795824117909787
215 , 0.011952199863927395
217 , 0.016700315607145418
220 , 0.021864011361276546
223 , 0.058154664971291126
227 , 0.08191552095242212
228 , 0.011213035484371333
229 , 0.013161152917614232
230 , 0.021702552757913805
231 , 0.021649395983892098
232 , 0.010981038066099874
234 , 0.010013240601300712
235 , 0.05355284378490402
237 , 0.017860573852204024
238 , 0.020848287944386278
240 , 0.003909961112982907
241 , 0.09708472983853307
245 , 0.0
253 , 0.004781213770956846
254 , 0.021833487481201494
255 , 0.020002853873287086
259 , 0.00632172806593497
260 , 0.04082130980413885
261 , 0.007728763931922561
264 , 0.030566819077390242
265 , 0.020551768273509925
268 , 0.014100972253973467
272 , 0.002476807671180689
273 , 0.0317421224360493
274 , 0.030395128457227815
277 , 0.003483927917683578
279 , 0.036681528983827635
280 , 0.0018494484739957683
282 , 0.022951153162066473
284 , 0.039888148696345466
286 , 0.018987872345387714
288 , 0.010870274604960489
292 , 0.0020278839770369863
294 , 0.007537499729952071
295 , 0.0036197389345548024
296 , 0.004066455129858422
301 , 0.002050774597158741
304 , 0.022892185453056414
308 , 0.006651103075101089
310 , 0.025190437943528467
311 , 0.009352199592565672
312 , 0.016311515990937258
314 , 0.014313909259118941
315 , 0.011680384201315699
316 , 0.005135875216751894
317 , 0.019764736405326486
319 , 0.009031324294931092
320 , 0.027254493072143622
323 , 0.0066600470544290235
324 , 0.0
328 , 0.0020910866026749154
331 , 0.02835383811741629
333 , 0.021978378866735863
334 , 0.05294357492024329
335 , 0.021978782786826735
336 , 0.005406393247408544
337 , 0.013345417487231304
338 , 0.018840972809497473
339 , 0.02379128123111027
340 , 7.195595184593915E-4
341 , 5.043594431895562E-4
342 , 0.008002641549067002
345 , 0.007143973835854159
346 , 0.018914728504048836
348 , 0.02516891468759122
349 , 0.04276819751457035
353 , 0.00794517360329209
354 , 0.008293312472650506
356 , 0.0085728725533274
360 , 0.008739350939314846
362 , 0.034710702251980405
363 , 0.018484705427686016
364 , 0.016807600926226907
365 , 0.05255733554308975
366 , 0.020675806762594076
369 , 0.015564977385661337
375 , 0.02027139828365391
377 , 0.005017224689757382
378 , 0.005762749751717625
379 , 0.053427485949781965
380 , 0.013561558562806343
381 , 0.037654901787682354
382 , 0.01285235153078534
384 , 8.407872651634695E-4
386 , 0.06057340886722251
387 , 0.01913405093288261
388 , 0.01812970573239164
389 , 0.025380908381920635
393 , 0.021509637363332185
394 , 0.013344138665117054
396 , 0.019761801336803643
398 , 0.006732658459448646
400 , 0.04096578649232941
403 , 0.020242547332869457
404 , 0.002518280574417421
406 , 0.010919781246237372
407 , 0.02117737888665113
410 , 0.01789292859456039
411 , 0.016204381558970887
414 , 0.009262995308947116
416 , 0.0078077778446790005
417 , 0.0078077778446790005
420 , 0.011572594130791494
421 , 0.0054306915209206665
423 , 5.128366661711567E-4
427 , 0.03888393493295947
429 , 0.0
431 , 0.03313837570715444
432 , 0.0414666699424644
434 , 0.03811599566412457
435 , 0.03785690408117959
438 , 0.003629567463225826
441 , 6.900086008052508E-4
442 , 0.002253143546223934
448 , 0.03930266547629636
449 , 0.023248511543879274
451 , 0.05923234884646831
452 , 0.01045781213024841
453 , 0.021240791645556784
455 , 0.004350548121613401
456 , 9.037083054079607E-4
458 , 0.0
460 , 0.01244355692378292
462 , 0.03439486538415123
464 , 0.0396997294890309
465 , 0.008734155184379996
466 , 0.018305887292043268
467 , 0.03276652765616725
468 , 0.013181355856068791
471 , 0.027483697999102986
475 , 0.03470942463515388
476 , 0.024373571114249454
481 , 0.013887962514234763
482 , 0.03264588832883303
483 , 0.008282152452006846
484 , 0.038143530966806984
486 , 0.027513939114680825
489 , 0.0018392759591833096
491 , 0.02181856111999012
492 , 0.007161581173833613
493 , 0.003112354463341836
498 , 0.014489677885203323
499 , 0.027420085403823943
500 , 0.01175255807710877
501 , 0.02950268473855061
504 , 0.0024850584683295054
509 , 0.02038285077840002
510 , 0.017013185941134996
513 , 0.009612141320157834
514 , 0.021522559871924068
515 , 0.01494444606338194
517 , 0.050333138246121824
518 , 0.012256311488011158
520 , 0.0068255681042212165
521 , 0.008093572024097172
523 , 0.021177600275149342
524 , 0.0160256730625116
525 , 7.715383191256684E-4
527 , 0.004301814935122707
530 , 0.014467974344757203
532 , 0.0046917485107296816
534 , 0.028043545142511454
537 , 0.004997086170539292
538 , 0.016200994234961165
541 , 0.007746607263536742
542 , 0.019289971486734114
545 , 0.01842095561214191
547 , 0.036720378801273226
548 , 0.014252243479183612
554 , 0.019841318696700132
557 , 0.001476422328256778
558 , 0.044693959646843785
559 , 0.007164799970876809
560 , 0.08913050013362964
562 , 0.0034297880218079994
566 , 0.02053023427448244
570 , 0.002857783180617495
573 , 0.009830791445032436
577 , 0.01673682169399833
578 , 9.888367017356248E-4
580 , 0.0010614052792916769
583 , 0.007388985918271551
585 , 0.007287133906025518
589 , 0.006671409193639919
591 , 0.0269497463681939
592 , 0.01035313101852796
595 , 0.025774781429066772
598 , 0.02699773376200232
601 , 0.019497873009181287
603 , 0.010777780340909935
608 , 0.026973205968212288
611 , 0.02309609676033926
612 , 0.015446907699152508
616 , 0.0349165696977354
617 , 0.025062527953428275
620 , 0.05566330448730397
621 , 0.0
623 , 0.041014081334408814
629 , 0.01738814767983276
634 , 0.026659913556761696
635 , 0.007490165544148759
637 , 0.01623920227404449
640 , 0.03895466349632338
641 , 0.02588455111631381
642 , 0.004174558589007187
643 , 0.0320773445079399
644 , 0.017762837706845634
646 , 0.008556596487672645
647 , 0.025615562787359082
651 , 0.015402496361329924
653 , 0.014869555870531449
655 , 5.136263185169078E-4
656 , 0.026491605274293395
658 , 0.07124472730576761
659 , 0.029489199683823172
660 , 0.002370296674353894
662 , 0.014447240001643125
665 , 0.01169677298638582
666 , 0.01463428240264527
667 , 0.012521365427492062
668 , 0.01837273504026274
672 , 0.01821950330845848
675 , 0.10884762334676304
676 , 0.006186461431398182
678 , 0.011929218372957944
680 , 0.011548235539434897
681 , 0.015579775633987
682 , 0.008417855285118594
683 , 0.00751322618421206
686 , 0.011457021166510867
687 , 0.0155593806834728
689 , 0.03570927685877394
691 , 0.012599151109086605
692 , 0.033016400145992233
694 , 0.04956425693960139
695 , 0.008776236587105123
698 , 0.01482814219125827
699 , 0.0
701 , 0.0315677629809989
702 , 0.025980627480883492
704 , 0.01399830741263272
706 , 0.03739516501034309
709 , 0.04795032596703921
711 , 0.0
713 , 0.0011371413472681998
714 , 0.01996731874271042
715 , 0.024198831017837825
716 , 0.022135186767880937
717 , 0.0
719 , 0.013304444725526537
720 , 0.008167150659567163
721 , 0.0
724 , 0.01656388340598164
725 , 0.024786594164123182
726 , 0.026969368564756853
728 , 0.019396250678607858
729 , 0.020668720270878033
732 , 0.06186132121739819
736 , 0.02457340829525211
743 , 0.030300159683416737
750 , 0.00742728750203832
755 , 0.003938525477256999
756 , 0.004558052934631647
760 , 0.023833756392187787
762 , 0.011462788259512493
763 , 0.016820984084803217
765 , 0.02811341649341046
766 , 0.04537054256389945
769 , 0.056196495032873335
770 , 0.0010248607812816007
772 , 0.0015409772857544464
773 , 0.02699593085414457
774 , 0.0
776 , 0.02939806895438843
778 , 0.011339574048955876
780 , 0.011729899233768232
781 , 0.010245778089949472
783 , 0.005587106983800249
785 , 0.0030945441763571536
787 , 0.0072842124746117145
792 , 0.03502296126537069
793 , 0.03127262515503214
796 , 0.0065497594647803085
798 , 0.022335542217816994
799 , 0.017954858937205467
801 , 0.11883948300026176
802 , 0.01954801558218833
804 , 0.005626772830310095
810 , 0.05127614202262961
811 , 0.0
814 , 0.005986737877321463
815 , 0.0038144181914328114
816 , 0.014755429005115029
818 , 0.015718180651039484
829 , 0.02286452578221034
830 , 0.024677770645172962
831 , 0.008101368731247288
832 , 0.017949849215901197
834 , 0.0021833991099111496
835 , 0.026890473839594694
841 , 0.0026881772614840427
842 , 0.0316370384121592
845 , 0.04466329683339424
847 , 4.203232274123776E-5
848 , 0.0194603146048354
850 , 0.0
851 , 0.013787697099130693
852 , 0.00532356008179702
854 , 0.004869354008476379
855 , 0.0036689079022518695
857 , 0.01947346229887638
859 , 0.22219301940612296
860 , 0.017803221767598867
861 , 0.011276360324455293
862 , 0.01587666546688688
865 , 0.01622630516716603
867 , 0.002092538244751801
868 , 0.030476782513213545
871 , 0.0
872 , 0.009812011203298788
874 , 0.005898739003477686
875 , 0.035622687646892616
878 , 0.026974054543761044
879 , 0.025045789954742683
881 , 0.0025760031713809896
884 , 0.007554462056446708
885 , 0.010831937433391035
888 , 0.006871141751610975
889 , 0.0038190731758441427
890 , 0.012991812957665728
894 , 0.04150115940094862
896 , 0.015469628540426866
899 , 0.012942598807616142
900 , 0.012942598807616142
901 , 0.020753716521071133
902 , 0.004076792110979938
903 , 0.004266084892015961
904 , 0.023980020717263375
905 , 0.01870015804707188
908 , 0.019928018096675444
911 , 0.016867862343321726
912 , 0.0
913 , 0.01310666826801781
915 , 0.014185681791966416
923 , 0.0032160856186491814
926 , 0.014252908176889926
927 , 0.014693841178418274
930 , 0.03126486135901029
934 , 0.0239844174393613
936 , 0.001769346194927756
938 , 0.004475397554081504
941 , 0.026593458289017713
942 , 0.01795358996519221
943 , 0.006289153173420272
944 , 0.027791370266901157
945 , 0.020426509816889746
947 , 0.02115520882147627
950 , 0.03238256429347153
952 , 0.028932542854835236
953 , 0.04532893504829927
955 , 0.03541272650725221
956 , 0.030794314006070474
958 , 0.026593838889467432
960 , 0.1861456290050426
961 , 0.006177581458750782
965 , 0.02225777028211237
968 , 0.008459073813550592
969 , 0.007420277857859295
970 , 0.02505724122216798
971 , 0.015638068843562072
976 , 0.0023579352345314076
977 , 0.008716769894116426
978 , 0.019977064028660285
979 , 0.0026737708417968816
981 , 0.007916542079153863
982 , 0.031231314806364416
983 , 0.04333149522523032
984 , 0.015343366178962719
985 , 0.01484630192090836
988 , 6.307725284654917E-4
990 , 0.02029551397611036
992 , 0.0671469929038353
995 , 3.177746575331291E-4
996 , 0.04821134933161014
998 , 0.15199011920371738
1001 , 0.059275295114941694
1002 , 0.026546990812962527
1006 , 0.011089590192330205
1008 , 0.00737929879926286
1009 , 0.02161360286315195
1011 , 0.009243628789587347
1013 , 0.027093075497492226
1014 , 0.019362152133724733
1016 , 0.025163067644815365
1024 , 0.04758796775997139
1025 , 0.04289286603514006
1030 , 0.0133424548733293
1032 , 0.021903712637490046
1034 , 0.004833040995743127
1035 , 0.003973134644518442
1036 , 0.003189627697834309
1037 , 0.002642916791248268
1038 , 0.0012324667315689439
1044 , 4.1939669696242836E-4
1045 , 3.916264676998145E-4
1048 , 0.0010570740092334537
1051 , 0.018218567867388936
1052 , 0.007568003144372837
1055 , 0.018621715689024956
1057 , 0.012416964850225877
1058 , 0.032776049883331305
1059 , 0.0257469565591911
1062 , 0.0
1065 , 0.020559605314293475
1066 , 0.02702978519971437
1067 , 0.0335409714388364
1070 , 0.022621471401357545
1071 , 0.006775274920038815
1075 , 0.0025646776505465207
1076 , 0.06534342469864939
1077 , 0.0
1078 , 0.012104379618249934
1079 , 0.01500296485124901
1080 , 0.015744365884160567
1083 , 0.020567352178075406
1087 , 0.004061837268088012
1088 , 0.006365473478279694
1089 , 0.016954379674534958
1093 , 0.010403797409397566
1094 , 0.014231530895139776
1095 , 0.010682602640093474
1099 , 0.02210802389237256
1101 , 0.006379273707306604
1102 , 0.037094807219920575
1108 , 0.0015318507233902782
1111 , 0.011462603776466155
1113 , 0.016399302727649265
1118 , 0.0062094243767431235
1120 , 0.004277485146520869
1123 , 0.008062769076454654
1125 , 0.029047007180204976
1128 , 8.119786941376066E-4
1129 , 0.01932989291257975
1130 , 0.015825394661019718
1131 , 0.019601878949909647
1132 , 0.03666902057016471
1136 , 0.02556428339236251
1137 , 0.011668741787023432
1140 , 0.07921217577674138
1141 , 0.05277242593693949
1142 , 0.009558780042915264
1143 , 0.17081710090715213
1145 , 0.060229432859353005
1147 , 0.003341381341398353
1149 , 0.020613454159296576
1153 , 0.05714083031582129
1154 , 0.014382360541437943
1155 , 0.006484725907926166
1156 , 0.02935333333698203
1157 , 0.051810713711372816
1159 , 0.04270254663544585
1160 , 0.0684860399110045
1161 , 0.025586210228125714
1162 , 0.011512605692778628
1163 , 0.027990495618593035
1165 , 0.007360693717269305
1166 , 0.024504776552673423
1168 , 0.024386806145396043
1169 , 0.0
1170 , 0.0024036518737751643
1174 , 0.0023472852425074193
1176 , 0.018236493658367717
1177 , 0.006598572306179638
1183 , 0.0
1185 , 0.015217047930392549
1186 , 0.0233544338177457
1190 , 0.033613971876338425
1192 , 0.010343128182844623
1194 , 0.025600333870049383
1195 , 0.0
1196 , 0.033373216568073995
1199 , 0.03275355263774798
1200 , 4.885942995983987E-4
1201 , 0.010243662964880038
1202 , 0.0378611334256216
1204 , 0.016962215339377314
1205 , 0.02924461730851754
1206 , 0.014653948460938543
1207 , 0.034710195090926196
1208 , 0.05502769065982421
1209 , 0.05223373064255942
1212 , 0.0030423112037256607
1217 , 0.016059863035527856
1218 , 0.02710638592820283
1219 , 0.0047197003815057925
1220 , 0.008974128983621855
1221 , 0.00432073377539182
1222 , 0.011933868557052946
1224 , 0.02500868672950967
1225 , 0.007264707622592839
1226 , 0.023696671869669277
1228 , 0.013565391895615918
1230 , 0.003237507568953859
1231 , 0.0
1232 , 0.019450021863585666
1233 , 0.05009360856060653
1234 , 0.03027037618861448
1239 , 0.025594117227008453
1240 , 0.0
1242 , 0.0319784496892563
1243 , 0.00894042245417078
1244 , 0.023265092910735218
1246 , 0.009602207985685144
1248 , 0.04999141423079785
1249 , 0.006252459550758429
1250 , 0.04131443205047856
1252 , 0.02066254388364834
1253 , 0.009303144980939733
1255 , 0.031555841391620286
1258 , 0.006836552333040794
1263 , 0.023213310629892344
1265 , 0.0
1266 , 0.01960633727614485
1270 , 0.03166788289646705
1271 , 0.020602984147661686
1272 , 4.1826060928257193E-4
1274 , 0.018862554248752134
1277 , 2.539982897564672E-4
1279 , 0.012220965956934218
1281 , 0.0
1284 , 0.017421577333389008
1285 , 0.0
1289 , 0.007304720703715633
1290 , 0.006492520257876357
1291 , 0.020478783836866816
1292 , 0.014737000392597057
1295 , 0.03720766081539717
1298 , 0.015794515297757328
1300 , 0.004382197376568514
1304 , 0.02786925492063631
1307 , 0.00628448253888798
1308 , 0.028800034974708035
1314 , 0.008687046226948058
1315 , 0.0013396372066013813
1316 , 8.866727986584731E-4
1318 , 0.01247997935158327
1320 , 0.021187787163495113
1321 , 0.009749192688558075
1323 , 0.03662953546168833
1325 , 0.04341110051247286
1327 , 0.021701594207549777
1328 , 0.029524382500259364
1329 , 0.026050570530772428
1336 , 0.04328068390463039
1337 , 0.0276820299784777
1338 , 0.0
1340 , 0.011825153136641097
1344 , 0.042141722534020015
1345 , 0.026742522107121268
1348 , 0.015079263552646974
1350 , 0.01944672790455746
1353 , 0.010189028651829527
1355 , 0.03715901408187559
1357 , 4.7602578745089093E-5
1359 , 0.014470725847788994
1364 , 0.03821475212378353
1365 , 0.019127733513898366
1368 , 0.02082204193206302
1369 , 0.0015321630620193775
1372 , 0.02814275230136932
1373 , 0.040046054999358996
1374 , 0.03084336687071831
1375 , 0.02355795912102581
1377 , 0.0046121779242872685
1378 , 0.03735662400181746
1379 , 9.490886881562032E-4
1383 , 0.01050734837522116
1384 , 0.015453649064734322
1385 , 0.0011669577432510778
1388 , 0.011091453664679597
1390 , 0.003497392153777876
1391 , 0.012192374052981856
1395 , 0.010256841217452786
1396 , 0.014252908176889926
1398 , 0.01729968263260033
1399 , 0.024185468529725584
1400 , 0.01753416788677502
1402 , 0.013305917498466003
1404 , 0.0010159176805472603
1405 , 0.012354483501844949
1406 , 0.02361907768683334
1407 , 0.012512578559799871
1408 , 0.020086154742411936
1411 , 0.017061019590980983
1412 , 0.03053596493894522
1414 , 0.013030566686276501
1417 , 0.023286494172280806
1420 , 0.022534464231307567
1421 , 0.008242775568208396
1422 , 0.0204400824362839
1424 , 0.019530687120329234
1425 , 0.008642198171746697
1426 , 0.03149917201806582
1429 , 0.013764409595272156
1430 , 0.004760115225153108
1433 , 0.01874269940153311
1434 , 0.0254354826523523
1438 , 0.014902768512815271
1439 , 0.012182322707008274
1440 , 0.005904077237888891
1441 , 0.0
1443 , 0.007481155679639582
1449 , 0.030088846403093297
1450 , 0.02421266182875313
1451 , 0.037298413715646475
1452 , 0.036782794417908216
1455 , 0.013741750803125488
1456 , 0.002182475291284672
1457 , 0.029595813257578093
1460 , 0.0030093563295110898
1462 , 0.019191887676816035
1465 , 0.010346704529982735
1467 , 0.015019231493331576
1470 , 0.013813639363108624
1471 , 0.022613645728446142
1473 , 0.02039641212137379
1476 , 0.01581270523842063
1478 , 0.006217430495647708
1480 , 0.015471357282860199
1481 , 0.017425061391992548
1482 , 0.0027674180428496585
1485 , 0.015482122298693175
1487 , 0.00642233870348238
1488 , 0.024202227935299598
1490 , 0.0017597040337372556
1493 , 0.012419372600634549
1494 , 0.017907134136397676
1495 , 0.006728732512867996
1496 , 0.020618501816902154
1497 , 0.014506377473654335
1498 , 0.0
1500 , 0.01846380046024415
1504 , 8.290442494321736E-4
1506 , 0.002122985333333459
1507 , 0.013435797682465635
1508 , 0.021993295595566828
1510 , 0.03329985135883916
1511 , 0.026795476665236215
1512 , 0.022089732831843893
1514 , 0.016221474592228072
1517 , 0.021121464560652694
1521 , 0.0490278273690272
1526 , 0.03306493029223535
1528 , 0.0010616131291909035
1529 , 4.5742545681841216E-4
1530 , 0.017124186419932096
1531 , 0.015639308568807863
1532 , 0.0
1534 , 0.03224860170447053
1537 , 0.00937398925582816
1540 , 0.014854370115288219
1541 , 0.02942596935134208
1542 , 0.010128657039217549
1543 , 0.07480896331519522
1544 , 0.016158695626952456
1545 , 0.0015068972616587688
1548 , 0.014391141473710066
1549 , 0.02552018574354243
1552 , 0.02955287432747676
1555 , 0.015560846623934492
1557 , 0.016380875491367748
1560 , 0.01771240025640477
1562 , 0.031776091337402494
1565 , 0.007593827217009654
1566 , 0.001440547831523272
1568 , 0.03909253018987571
1569 , 0.02333062429274386
1571 , 0.02988473005456927
1576 , 0.01759786819531363
1577 , 0.015376470842157772
1578 , 0.0038589233240342016
1580 , 0.026414685457901283
1581 , 0.021796683082970218
1583 , 0.04082460663522992
1586 , 0.0013749041976585086
1587 , 0.019293952731458563
1588 , 0.05369531430815695
1596 , 0.08157662310731459
1597 , 0.02527884085151493
1598 , 0.005779762269609332
1599 , 0.02649276234989375
1603 , 0.013317758726282623
1606 , 0.0113286631382525
1607 , 0.01323084189834564
1609 , 0.05508385686268425
1611 , 0.02210499912421928
1613 , 0.006993487329058349
1616 , 0.009358765090363354
1620 , 0.031371695712490835
1621 , 0.026004574970433243
1622 , 0.01901718096755694
1623 , 0.020377099512214537
1625 , 0.017831744434077885
1628 , 0.028290954876052064
1629 , 0.019951019944478114
1630 , 0.012797737319901416
1631 , 0.025382419227898922
1632 , 0.030251448006325232
1633 , 0.028963376755088397
1635 , 0.009374917634802114
1637 , 0.0057970282914300885
1640 , 0.028880866974543902
1641 , 0.013359437394119331
1642 , 0.0022389521390778436
1643 , 0.021023211811800727
1645 , 0.01911839189231207
1647 , 0.027844936140940725
1648 , 0.0021822590786303147
1649 , 0.02114349651578284
1653 , 0.013551034489067667
1655 , 0.014739105106463138
1664 , 0.03606054175088765
1666 , 0.0035779021470524657
1668 , 0.004444278366554097
1670 , 0.01945129146301145
1672 , 0.013269817046394218
1674 , 0.012553794418408865
1677 , 0.005537082917778859
1678 , 0.014633079296526824
1680 , 0.009490401152002026
1681 , 0.0055075189455589015
1682 , 0.01738809415599453
1683 , 0.005999386006370825
1685 , 0.015183611486986043
1687 , 0.005997232610517289
1688 , 0.03356427479097178
1689 , 0.02723808851865834
1690 , 0.015784634821215848
1691 , 0.00583579529216438
1693 , 0.00708617455960369
1694 , 0.0059301381945331645
1695 , 0.05280133578273041
1696 , 0.017543496107725334
1697 , 0.0
1698 , 0.03261584360549029
1700 , 0.03855499622098018
1704 , 0.006761219659859472
1705 , 0.001305970970719278
1706 , 0.008635254312872383
1708 , 0.004558431290712726
1709 , 0.011760798522871478
1710 , 0.01293512252491063
1711 , 0.015215184637134598
1712 , 0.03648064086108174
1713 , 0.005124711449215458
1714 , 0.0012468786900597126
1715 , 0.02300123391685574
1721 , 0.04126119745918678
1722 , 0.03454289047465966
1723 , 0.016408509056082446
1725 , 0.002516174199036151
1726 , 0.017100457164437453
1731 , 0.02523420610166298
1733 , 0.014131613293258566
1734 , 0.010239483257628822
1735 , 0.021662332986964693
1736 , 0.0034782214597647767
1743 , 0.012894549543583414
1744 , 0.03061658905573267
1746 , 0.003920489189924808
1750 , 0.012531821682239966
1752 , 0.019474305869091636
1755 , 0.02982785665332552
1757 , 0.017688361080825103
1760 , 0.013117268101217421
1761 , 0.008579457755008145
1762 , 0.010314156485248865
1765 , 8.925855050393454E-4
1769 , 0.017365022535702372
1771 , 0.04511205933645071
1772 , 0.03878585954133111
1773 , 0.04971208978173005
1774 , 0.008737751958646057
1775 , 0.028024393616050813
1776 , 0.015167317502717794
1778 , 0.021617303527954802
1779 , 0.033134810125766134
1781 , 0.020917087994141898
1784 , 0.04363680755685666
1788 , 0.01381112824270928
1789 , 0.01663279038292706
1790 , 0.02642680236082286
1792 , 0.02796192905315377
1796 , 0.010884473072567645
1797 , 0.02154936288140549
1799 , 0.01807072187933365
1800 , 0.0
1803 , 0.052950639570685056
1804 , 0.01910514620366321
1807 , 0.022870751801491097
1808 , 0.006856722463001925
1809 , 0.023278011171727928
1810 , 0.028674251829905184
1817 , 0.04774320655679624
1818 , 0.007881710616048246
1819 , 0.003786775557843146
1820 , 0.01908822814537093
1822 , 0.00845151147479219
1823 , 0.027329866472454074
1824 , 0.013314305810197262
1825 , 0.013639370102396514
1826 , 0.028055696105346917
1827 , 0.016177619482625517
1829 , 0.016902896966111032
1831 , 0.018726672230720227
1832 , 0.028236412418367322
1834 , 0.025716629424237553
1835 , 0.013128735119879373
1840 , 0.0
1841 , 0.004981617174283447
1844 , 0.01641130577669651
1846 , 0.018120713888748242
1847 , 0.03220368448428625
1852 , 0.016282067884924426
1855 , 0.084251595301317
1856 , 8.842295835975201E-4
1858 , 0.02328065112129037
1863 , 0.010484784110507087
1864 , 0.013509331708083768
1867 , 0.008160304613142738
1868 , 0.024565771002570215
1870 , 0.028921162738491175
1871 , 7.444337571029414E-4
1874 , 0.021265642521695088
1879 , 0.030740012352394017
1880 , 0.03574921637944056
1883 , 0.04156889728447789
1884 , 0.015099591580767634
1887 , 0.04976381984929282
1888 , 0.008000239050931685
1889 , 0.029600732054718134
1890 , 0.005815479526269188
1891 , 0.016724806767121993
1892 , 0.024765801465590275
1893 , 0.0035276310774045084
1894 , 0.0369785853484795
1901 , 0.0
1902 , 0.03084336687071831
1908 , 0.014904388351809792
1910 , 0.01624504305811534
1912 , 0.0
1913 , 0.023990837402375828
1915 , 0.010602849934301366
1917 , 0.018726672230720227
1918 , 0.01021394509656812
1921 , 0.028734557528115517
1923 , 0.021886657729027426
1924 , 0.022146628874694117
1928 , 0.005676128525725855
1931 , 0.018670702918059202
1932 , 0.029705744362213866
1933 , 0.047979570119032824
1936 , 0.0
1939 , 0.0376965882815072
1940 , 0.008435003856544119
1948 , 0.00885178117598243
1953 , 0.05931281327371363
1955 , 0.0027779861615407136
1956 , 0.027368766708811155
1957 , 0.014670450940233557
1958 , 0.0029118727353759886
1959 , 0.007692658838032477
1960 , 0.027260514190122136
1964 , 0.042384976566511676
1965 , 0.18980492332789467
1967 , 0.011331200857047192
1968 , 0.01150864765041514
1971 , 0.05882727104160035
1972 , 0.009866378249354076
1973 , 0.016110173797633593
1974 , 0.005423806652756964
1980 , 0.016091123005230974
1981 , 0.0227011465824986
1984 , 0.02395754960311529
1986 , 0.0
1987 , 0.00941705541770094
1993 , 0.045413425470754894
1994 , 0.005372305883996675
1998 , 0.022635465418764187
2001 , 0.01968012870089077
2002 , 0.03961401048373995
2003 , 0.023622011578006988
2004 , 0.025489892869069348
2005 , 0.007591479461725375
2008 , 0.04116208115114038
2009 , 0.04173311262296721
2010 , 0.031447595266080666
2011 , 0.021314130870925808
2012 , 0.020854479764813333
2013 , 6.475960812362284E-4
2014 , 0.0015848116436370375
2016 , 0.017323420168406725
2017 , 0.06069802286663672
2018 , 0.018801348286847954
2021 , 0.03914531384040233
2022 , 0.0024135070021855092
2024 , 0.007362095573568029
2025 , 0.0
2027 , 0.01714714388150313
2028 , 0.007552884571307692
2031 , 0.03366815977395869
2033 , 0.018726672230720227
2034 , 0.003196408126666643
2038 , 0.031949370778789545
2040 , 0.0025701443483320823
2044 , 0.007587390356473716
2048 , 0.023702975629816228
2049 , 0.006665989367842248
2051 , 0.022236448545884795
2052 , 0.04111464662603363
2053 , 0.038855068825680725
2054 , 0.009645656221990298
2055 , 0.030512459248473497
2058 , 0.00994005541861391
2063 , 0.03221447307128867
2064 , 0.021019747546208504
2065 , 0.24315944981229237
2066 , 0.011562695393159924
2069 , 0.046113362922819943
2072 , 0.01142283616345468
2074 , 0.02554203771576252
2075 , 0.04790618325566841
2076 , 0.006740402496646395
2078 , 0.018940972998247423
2082 , 0.019075466171557236
2083 , 0.0309277863789829
2084 , 0.011712067660742115
2090 , 0.017445774938300424
2091 , 0.013362865713249699
2092 , 0.015952858797773396
2095 , 0.013755906210809885
2097 , 0.021342366289273218
2098 , 0.021363735374900054
2099 , 0.003872177652249366
2105 , 0.03790479319182409
2107 , 0.005748765895855959
2108 , 0.025358357036046605
2109 , 0.044181831253591236
2110 , 0.017990173514207876
2113 , 0.01212456078826925
2115 , 0.023413035761462135
2118 , 0.019144349927097928
2119 , 0.028088801823018993
2120 , 0.021570047951200783
2121 , 0.006245528258776608
2122 , 0.01564411718200874
2123 , 0.02571705962067597
2124 , 0.023864890959259324
2125 , 0.021852475682715308
2126 , 0.0
2128 , 0.00975688546110148
2129 , 0.0028532626160243657
2130 , 0.00320698248399308
2132 , 0.018326240241771534
2133 , 0.01814598717791911
2134 , 0.01890816545167052
2136 , 0.0048476438219912325
2137 , 0.007074413826926127
2139 , 0.013919713371956447
2141 , 0.025028855142325328
2145 , 0.01346692415251863
2151 , 0.008936465236436836
2152 , 0.011917558207504727
2153 , 0.030108555184411672
2154 , 0.016303647716149266
2156 , 0.022928859350002086
2160 , 0.018576419185780558
2162 , 0.017972626818177902
2163 , 0.012267733954086733
2164 , 0.0037217047185178235
2165 , 0.022812163103755403
2168 , 0.003540585652174656
2170 , 0.005840000921020064
2171 , 0.023285054378763596
2176 , 0.023967754932630602
2177 , 0.024937750495001996
2183 , 0.03698768679166729
2184 , 0.013905008986080674
2186 , 0.016693420794474015
2187 , 0.008149357062550969
2188 , 0.017264107144632373
2189 , 0.032756953425937915
2190 , 0.019957749928373996
2192 , 0.017203553428234448
2193 , 0.015858012876647013
2194 , 0.039154831562905924
2198 , 0.008926551033542495
2199 , 0.017124704436305205
2200 , 0.07614465951504393
2202 , 0.007493291316452589
2205 , 0.012230484675232864
2206 , 0.010191700437883871
2208 , 0.016435399657600425
2213 , 0.06268995153871093
2216 , 0.05511615760549528
2217 , 0.02234196080127497
2220 , 0.014325700515930368
2221 , 0.04793000417268031
2223 , 0.015858012876647013
2228 , 0.03473362944062146
2229 , 0.016528323224883536
2230 , 0.013657989705534402
2233 , 0.011004475910236587
2235 , 0.036005302151911
2236 , 0.0037217047185178235
2237 , 0.06783439493885474
2238 , 0.024147744736663704
2240 , 0.02734114247547022
2241 , 0.010870274604960489
2243 , 0.026137065121263056
2244 , 0.003499723089074347
2245 , 0.015465833475758537
2247 , 0.03464821623419131
2251 , 0.0041498667554611054
2252 , 0.057367404345593294
2254 , 0.013221299183697193
2255 , 0.02011148175958859
2256 , 0.0
2257 , 0.014939124446185722
2258 , 0.025268028640674442
2259 , 0.012210122881248182
2260 , 0.01194270727976169
2261 , 0.018188822801819715
2262 , 0.019905818615609455
2265 , 0.0010071422971694435
2266 , 0.005348935806789603
2269 , 0.031000570831312774
2277 , 0.025226041238825717
2283 , 0.020438419452033306
2285 , 0.01173742459107505
2286 , 0.011023088567274332
2287 , 0.022382500582986638
2290 , 0.021974818655563114
2291 , 0.03196495976982086
2292 , 0.0013584556214734835
2297 , 0.013712248820455769
2304 , 0.014624087980886833
2305 , 0.01802844321485828
2309 , 0.013518435781239622
2312 , 0.027563754334906862
2313 , 0.002454820720727439
2314 , 0.017981584601363607
2315 , 0.011670182069508468
2318 , 0.0
2319 , 0.00782513059370036
2321 , 0.0062051175811645085
2324 , 0.01915837355275577
2328 , 0.024262240785217028
2329 , 0.004732568335504842
2331 , 0.0024021353433550698
2334 , 0.020751071756990706
2335 , 0.00890111240049311
2337 , 0.010615929013225767
2340 , 9.987036326853202E-4
2342 , 0.0
2345 , 0.04325948387470279
2347 , 0.027877432327333158
2348 , 0.0
2349 , 0.010432259045155393
2352 , 0.0
2354 , 0.010530398331104114
2356 , 0.025543152914237716
2357 , 0.007959397289553933
2358 , 0.01905794501775729
2360 , 0.014288431586090916
2364 , 0.006265140996499686
2365 , 0.003956529559249514
2367 , 0.006060334324443744
2369 , 0.06272857424410172
2370 , 0.03465243223870144
2371 , 0.005463862122776578
2373 , 0.045441864033216796
2375 , 0.017962610237056212
2376 , 0.002224416260236437
2380 , 0.0117904129781526
2381 , 0.004370501544917388
2382 , 0.016810941824403833
2383 , 0.008054888001671288
2384 , 0.014576479424161827
2387 , 0.015832817705629602
2388 , 0.026268316804231813
2389 , 0.011365448114114534
2391 , 0.01629310076393545
2392 , 0.02322981840061586
2393 , 0.003228046789024196
2397 , 0.022519776480247833
2398 , 0.025178419648769233
2400 , 0.02929095491919276
2402 , 8.785701568654331E-4
2409 , 0.014781648608110607
2410 , 0.014697422004504837
2415 , 0.013398728139649829
2416 , 0.01957905990615743
2417 , 0.0024218863110432544
2418 , 0.004924584828978502
2419 , 0.02208134205394094
2420 , 0.009731961517888575
2422 , 0.008393801130243052
2423 , 0.024602519659406304
2424 , 0.04976309887373038
2425 , 0.03605368743081191
2426 , 0.024957658257767867
2429 , 0.02661017257556226
2433 , 0.03199165124182335
2434 , 0.009627932519836539
2435 , 0.0
2436 , 0.035831149864442066
2437 , 0.008389710148246767
2439 , 0.0
2440 , 0.018309361760016508
2442 , 0.027056652784013507
2443 , 0.008239680470720403
2445 , 0.022000906598145034
2446 , 0.004987152422618761
2451 , 0.023927102227703636
2456 , 0.049313389904432285
2457 , 0.006592096276891339
2458 , 0.012958869904268344
2459 , 0.012958869904268344
2460 , 0.014037178162247492
2463 , 0.015433663058679305
2466 , 0.011369018057092815
2469 , 0.005709063837401559
2470 , 0.029877611521826313
2472 , 0.021458856017490213
2475 , 0.028197702677575848
2476 , 0.010162910255961527
2479 , 0.03821215786771813
2480 , 0.05026734441199045
2481 , 0.032394640339716105
2482 , 0.01742080284193419
2483 , 0.10884762334676304
2486 , 0.013785749459066837
2488 , 0.016021507455048063
2490 , 0.027137216841628908
2492 , 0.020195768820000366
2494 , 0.008451632163470337
2495 , 0.0379758023310234
2496 , 0.0021494708756233305
2501 , 0.0071682833661765024
2505 , 0.018710414358427747
2506 , 0.008576930626382425
2507 , 0.036720378801273226
2510 , 0.0
2514 , 0.037216040004862866
2517 , 0.016606080255748043
2519 , 0.024096560508463944
2520 , 0.01564223220479467
2521 , 0.02104129756248523
2523 , 0.027953262725490508
2524 , 0.018775781456910945
2525 , 0.0024012898268676915
2526 , 0.009020441257208951
2528 , 0.016954090136125498
2529 , 0.019469759806908727
2531 , 0.023467973349966982
2533 , 0.015880386749689283
2534 , 0.008323773888218864
2536 , 0.025824890431758153
2537 , 0.00807867414510039
2538 , 0.04280132454123179
2540 , 0.0023359308440517408
2541 , 0.02649433810670087
2546 , 0.019939539455998443
2548 , 0.01060455465589632
2549 , 0.015304165788397169
2551 , 0.018652697346776864
2554 , 0.02888023642238063
2555 , 0.016856814521735968
2562 , 0.01571622807542959
2577 , 0.0
2578 , 0.013425598507114273
2579 , 0.0206422621957548
2582 , 0.003863608064662963
2584 , 0.007388985918271551
2585 , 0.027550582999279996
2587 , 0.005890507986020511
2589 , 0.02081542121714583
2591 , 0.007484226856840092
2592 , 0.0
2593 , 0.0
2595 , 0.030705518344765988
2597 , 0.0022563926874662006
2599 , 0.049469651579286775
2602 , 0.011046240563185178
2604 , 0.004983878293207905
2606 , 0.001412463743737107
2607 , 0.047157896440709515
2610 , 0.014442115576608995
2616 , 0.0020716501968178988
2617 , 0.023102540611122768
2618 , 0.09546411555358451
2619 , 0.015065186721789057
2620 , 0.00309991708499322
2622 , 0.033017480350758445
2625 , 0.0012388126534250584
2634 , 0.0
2635 , 0.008777657238526854
2637 , 0.0019768727049893743
2638 , 0.03991908968292628
2640 , 0.0231775965307735
2641 , 0.003047709652859571
2642 , 0.0013651161589841524
2643 , 0.1592961680933652
2644 , 0.040809537359099354
2648 , 0.023722106820547918
2649 , 0.09440950177098777
2651 , 0.04358960823949698
2652 , 0.017707260294201315
2654 , 0.014470725847788994
2655 , 0.07003559452377958
2657 , 0.008702312705371563
2659 , 0.002659191849486043
2660 , 0.0027357893693314337
2665 , 0.05557656202297991
2666 , 0.0010035081018798476
2668 , 0.056662816524205475
2676 , 0.005695810675609325
2677 , 4.305413755634008E-4
2681 , 0.06462661923295306
2683 , 0.11351886169842437
2685 , 0.050369452092534045
2687 , 0.009850029635669154
2689 , 0.0266732220436794
2690 , 0.0016858428625039492
2692 , 0.030672383192998337
2693 , 0.0025924845351687556
2697 , 0.009925992269644584
2698 , 0.016229636835867145
2700 , 0.013917253607026286
2701 , 0.004323700399984477
2707 , 0.011855745703792117
2708 , 0.0051310096376786735
2710 , 0.016815761884822995
2713 , 0.12067712264906319
2717 , 0.004564359735392822
2718 , 0.011203666031588877
2721 , 0.0034295664019319805
2722 , 0.004273543446817241
2723 , 0.004610146659579606
2725 , 0.008096974680734951
2726 , 0.006927459977247654
2729 , 0.0245473571476913
2730 , 0.010722912312999452
2732 , 0.017298609535223542
2734 , 0.01558206287322027
2738 , 0.015490520859692944
2739 , 0.04609096471214215
2740 , 0.0
2741 , 0.03360733044609085
2742 , 0.03905664433053836
2743 , 0.013442778905204634
2746 , 0.027522331414495893
2750 , 0.015460824345592766
2751 , 9.111375651505736E-4
2752 , 0.041836132053507114
2753 , 0.020807166867818586
2754 , 0.0
2755 , 0.002592453383861542
2756 , 0.011652399443805188
2760 , 0.008619971493045067
2761 , 0.051341665377244126
2762 , 0.014405275580352078
2765 , 0.01186600758839035
2768 , 0.0077946276909811015
2770 , 0.011365248889406997
2771 , 0.011310000243907907
2776 , 0.03120406775161422
2777 , 0.007487873815314789
2778 , 0.03421636796630566
2779 , 0.001809508193207382
2781 , 0.0015048860902224727
2782 , 0.014692178049412693
2784 , 0.014120562261812818
2786 , 0.003991826081406253
2787 , 0.005521568919964982
2789 , 7.471870726793767E-4
2791 , 0.014610975625715932
2792 , 0.01000222693069162
2793 , 0.00829243995279736
2795 , 0.01667567483721477
2800 , 0.005866512159093543
2801 , 0.01121390224296964
2804 , 0.008401509727764565
2806 , 0.015076827954348978
2807 , 0.004269052595788392
2808 , 0.0033582385194222946
2809 , 0.06085410373138235
2812 , 0.025397417271717536
2813 , 0.009648066312251992
2814 , 0.002055452856650394
2815 , 0.018775473660397862
2816 , 0.02686512889189028
2818 , 3.6816194915128544E-4
2822 , 0.010329089232523717
2824 , 0.014996448331652153
2825 , 0.00621033781557878
2826 , 0.03559510475879036
2827 , 0.03491111759811351
2828 , 0.002445435533783207
2832 , 3.5281506215618366E-4
2833 , 0.007425510100246853
2834 , 0.01838955803671444
2838 , 0.029366150709923464
2839 , 0.007455876566225373
2842 , 0.02562023642007471
2844 , 0.021209963274982133
2850 , 0.007880390015233904
2851 , 0.010171621098157349
2852 , 0.0
2858 , 0.003799419526334647
2859 , 0.026355626580602455
2861 , 0.018201409651486148
2862 , 0.020940753501197135
2863 , 0.005918488204079233
2864 , 0.017734673021954684
2865 , 0.05627899747259294
2866 , 0.032351524996356566
2867 , 0.011899094392103213
2868 , 0.02910399970383907
2869 , 0.009551280308002032
2873 , 0.01688101599220505
2878 , 0.0
2880 , 0.032466371336809796
2881 , 0.021997193058090156
2885 , 0.0013618550922121792
2886 , 0.022777558789598834
2887 , 0.009522993185049775
2888 , 0.0037599995157811643
2890 , 8.908805500814386E-5
2894 , 0.003013371571256708
2896 , 0.006286843469117922
2898 , 0.017259757230441996
2899 , 0.002223486532103057
2900 , 0.013097489797354497
2902 , 0.05107563014772769
2904 , 0.014062422678208598
2905 , 0.020225379384918377
2907 , 0.004461941554401875
2909 , 2.731558471537047E-4
2914 , 0.01301404276302367
2915 , 0.013485427913282892
2919 , 0.0032885846058159952
2920 , 0.0048388740652404744
2924 , 0.019563878914793508
2925 , 0.01106022668271357
2928 , 0.04078871141694112
2930 , 0.02894133147502815
2931 , 0.012697698208798807
2933 , 0.032526713988755986
2935 , 0.0
2937 , 0.030658228891848438
2938 , 0.020201916288371178
2939 , 0.025292623446883912
2940 , 0.004358142453662735
2941 , 0.008585395921189305
2942 , 0.04671001098023403
2943 , 0.01746319529392348
2946 , 0.010318634050742792
2948 , 0.004462190831812245
2949 , 0.017348916613262343
2952 , 0.046435912704999915
2954 , 0.00240331918387076
2958 , 0.026930879181051692
2959 , 0.006425489282105066
2960 , 0.003531603935106515
2961 , 0.009695574683164841
2964 , 0.00679795951396783
2967 , 3.635173945324871E-4
2970 , 0.012460889698456466
2972 , 0.014878803308993325
2974 , 0.01335077983230433
2976 , 0.0030271225234245252
2977 , 0.0027406218789032275
2978 , 0.011167608493613868
2982 , 0.032845217375871136
2983 , 0.016091123005230974
2986 , 0.015443622005835536
2988 , 0.006689853205348834
2990 , 0.007402139598970623
2991 , 0.008103460969706752
2992 , 0.032618723017177914
2994 , 0.07632009695101251
2995 , 0.017228685487794857
2996 , 0.04355277571402645
2998 , 0.0035981007178053598
2999 , 0.009173075370806793
3004 , 0.02617587071070902
3005 , 0.0033773268945005526
3008 , 0.020505598273270025
3009 , 0.006765840249391052
3011 , 0.03333639242986626
3012 , 0.008476232005674439
3013 , 0.09604329954820155
3015 , 0.022719376434210632
3016 , 0.01886289948392433
3022 , 0.08712846528978202
3024 , 0.013041783910671512
3025 , 0.011570929289080531
3026 , 0.002166200970107566
3027 , 0.002260614181439996
3030 , 0.012149109273294722
3032 , 0.03301750115506528
3034 , 0.0032564442836481734
3037 , 0.015959396575361506
3038 , 0.029763255896021017
3041 , 0.007056635354201543
3044 , 0.02975138496144944
3045 , 0.030251422075070682
3047 , 0.011374464596701925
3048 , 0.011374464596701925
3050 , 0.022612967967162265
3051 , 0.012510009298391446
3053 , 0.02978176938560575
3054 , 0.032317027145208434
3055 , 0.0
3056 , 0.00713793116458244
3057 , 0.008511427322171678
3059 , 0.0800854525577912
3060 , 0.0
3062 , 0.029129741791114085
3063 , 0.017251863902691983
3065 , 0.014790017171328173
3067 , 0.05969778422204073
3069 , 0.004450705655291393
3070 , 0.035233823707556185
3071 , 0.03941281162833209
3072 , 0.04528924880051532
3073 , 0.006163563215407961
3076 , 0.0076158612858227325
3078 , 0.003552055238661378
3079 , 0.0020403902535433872
3080 , 0.012353855600322558
3082 , 0.006941669299831344
3084 , 0.030431165449930925
3086 , 0.05142386444496064
3089 , 0.0
3090 , 0.03962138748681429
3093 , 0.0033183900060204242
3094 , 0.0082572985396478
3096 , 0.004930043585826412
3098 , 0.0059794454968967545
3100 , 0.012265082857537465
3101 , 0.0013546314742072733
3102 , 0.030859018870952812
3104 , 0.006310661163355088
3105 , 0.008144011159536729
3106 , 0.055436572758487145
3107 , 0.01671995811368255
3108 , 0.0
3109 , 0.022870985755420292
3112 , 0.01514462968153883
3113 , 0.0023825426537730852
3114 , 6.133284319435888E-4
3116 , 0.01632993394895679
3117 , 0.003196208340129976
3119 , 0.0016912960644427783
3121 , 0.0
3124 , 0.18099079186198475
3125 , 0.0
3127 , 9.807328348212072E-4
3131 , 0.010113555876429883
3134 , 0.005173690402299296
3136 , 0.0025883932104045753
3137 , 0.033852895939461246
3139 , 0.0021309758425452066
3140 , 0.0026291793689018363
3141 , 0.022488141323343074
3142 , 0.005758944801202577
3143 , 0.04451949873098745
3144 , 1.6076013784896756E-4
3145 , 0.039345497279269025
3151 , 0.007877727987582654
3153 , 0.020580673264343784
3154 , 0.020696658966885016
3159 , 0.01707975272086801
3160 , 0.004423170811362236
3161 , 0.03565291293079398
3162 , 0.006869251828100246
3166 , 0.025254012423210095
3167 , 0.0
3169 , 0.0035504938287929237
3170 , 0.005433120534016945
3171 , 0.0
3172 , 0.009803608444104201
3175 , 0.0030299892303602065
3180 , 0.029476328800287607
3183 , 0.0071039499965410745
3184 , 0.0
3186 , 8.13587511593145E-4
3189 , 0.007813423410294316
3194 , 0.010325782393474734
3197 , 0.0
3202 , 0.019464447886552865
3203 , 0.016048563432465978
3204 , 0.017845437695518
3205 , 0.025755462400913094
3207 , 0.03347969622575384
3209 , 0.007932322632958738
3210 , 0.02126216410581389
3213 , 0.04366698011010812
3214 , 0.017557101475746302
3215 , 0.03454498694494658
3217 , 0.00594347777490246
3220 , 0.0
3221 , 0.017552296292962594
3226 , 0.020229497360566697
3228 , 0.016226381817210287
3230 , 0.0
3231 , 0.0018376714206561476
3233 , 0.03465992495424605
3234 , 0.0
3235 , 0.012254330913513673
3238 , 0.027852658800201522
3239 , 0.004354457310654086
3241 , 0.009128908518098278
3246 , 7.118925018248101E-4
3248 , 0.018199299080551474
3251 , 0.01584160242972117
3252 , 0.015947726381419225
3256 , 0.011816275737291496
3261 , 0.011883152236803633
3264 , 0.016713358287573445
3265 , 0.001347046424655613
3267 , 0.005050713514855386
3268 , 0.030394429505525802
3271 , 0.0
3274 , 5.807993989547142E-4
3278 , 0.006038289424778285
3279 , 0.003191491842485131
3281 , 0.0
3285 , 0.0031180916867079027
3286 , 0.04025246131595866
3292 , 0.002362723538335175
3300 , 0.02217268253363179
3301 , 0.015116944206691796
3303 , 0.026548665291092805
3304 , 5.938527006682571E-4
3306 , 0.02577047890831924
3308 , 0.0
3311 , 0.008931397177477556
3316 , 0.025993213031079498
3320 , 0.005841600726977161
3322 , 0.037674502430900564
3323 , 0.026699718133524557
3324 , 0.05466807813438919
3326 , 0.022078048151191455
3330 , 0.009574718453491235
3332 , 0.014968943010306785
3334 , 0.0019340710435442748
3338 , 0.006020274579877585
3339 , 0.004439419033259946
3340 , 0.0038478633348420456
3341 , 0.033424035105627053
3348 , 0.020755366638906838
3349 , 0.05908704631645122
3353 , 0.010538060168907631
3359 , 0.004864222073409085
3361 , 1.913874312715092E-4
3362 , 0.1452895794980338
3363 , 0.04365548516068403
3367 , 0.028549856058676236
3369 , 0.016943754735186257
3371 , 0.014150191067921624
3372 , 0.00948169427334438
3373 , 0.0
3376 , 0.0066032075009484145
3378 , 0.0
3380 , 0.033230930555479245
3384 , 0.005847680531410908
3385 , 0.009230569647076876
3389 , 0.0165668521971657
3393 , 0.009683708649971553
3394 , 0.01731590635081946
3396 , 0.02484675821701981
3397 , 0.0
3402 , 0.016245840613753164
3407 , 0.007402391620319776
3409 , 0.013595755056207479
3412 , 0.039370997728466806
3413 , 0.039627138092864535
3415 , 0.003889118552070047
3416 , 0.0013772231055539518
3418 , 0.015913383145226126
3419 , 0.0
3424 , 0.0337418109518165
3426 , 0.04648705022757901
3427 , 0.032897487165798565
3428 , 0.004381357188342787
3434 , 0.006122791283020479
3440 , 0.014501398899963892
3444 , 0.004862639892427583
3446 , 0.014583940882901195
3448 , 4.080166946499481E-4
3449 , 0.027643106856154953
3451 , 0.06722983523139117
3455 , 0.01963649204081179
3457 , 0.0022314986180952475
3464 , 0.00574946166098363
3468 , 0.0019515087072879721
3470 , 0.007226156166945695
3472 , 0.01523771559705812
3473 , 0.02336633755597428
3474 , 0.018007777577251968
3476 , 0.0021307093934739797
3481 , 0.046662994625967985
3483 , 0.016712170330525612
3486 , 0.00149863046915696
3489 , 0.014933286815975565
3491 , 0.0020563412087701814
3493 , 0.01688101599220505
3494 , 0.009320082986474854
3496 , 0.0038575068138690877
3497 , 0.014225429885693317
3498 , 0.0131893759140826
3499 , 0.00803743379438653
3502 , 0.005929768135318316
3505 , 0.003209431215699444
3509 , 0.009302412035915645
3510 , 0.011040526551405878
3514 , 0.00279586032108315
3515 , 0.006683690007332843
3517 , 0.0
3519 , 0.005542027183165816
3520 , 0.031428899402524656
3521 , 0.05317317768187804
3522 , 0.002403967900362682
3526 , 0.03851681048855435
3528 , 0.05413395058818185
3529 , 0.014151256397511528
3531 , 0.057352593893591076
3535 , 0.035942108107051264
3536 , 0.0025517792853724185
3537 , 0.013822867728697693
3538 , 0.052458771117814176
3539 , 0.042065499116459806
3540 , 0.0012266684407248093
3542 , 0.004104131706749343
3543 , 0.04501418647212001
3545 , 0.031802157882085826
3547 , 0.0
3549 , 0.014601861411998632
3551 , 1.7692543360721752E-5
3553 , 0.036917251026053574
3555 , 0.028611983101424834
3557 , 0.015552852052843957
3561 , 0.013849666475728047
3562 , 0.030046327216219387
3563 , 0.02408720196146029
3564 , 0.07498895612584729
3566 , 0.07885346381224886
3569 , 0.05488230930344198
3570 , 0.024496381400338822
3573 , 0.027576384374989975
3574 , 0.027260453852915704
3575 , 0.04869327313894455
3577 , 0.02419737010407162
3580 , 0.011684939904196912
3582 , 0.02701162169724703
3584 , 0.04129852557309186
3587 , 7.575467460096486E-5
3589 , 0.006920602538819071
3590 , 0.03870072113400238
3592 , 0.01613884226631701
3593 , 0.028760186827451857
3595 , 0.03168446339876287
3597 , 0.01781844753086467
3598 , 0.01790827768700331
3599 , 0.03448708965480425
3605 , 0.019681074982451096
3607 , 0.015820769925332795
3611 , 0.013515820443167039
3612 , 0.0
3613 , 2.2178609529354855E-4
3614 , 0.032317598059827216
3615 , 0.010823296814168168
3616 , 0.013965599135347815
3618 , 0.03758545133019642
3619 , 0.010249272537359614
3620 , 0.010690398927692552
3624 , 0.020534825720465392
3625 , 0.015472719524837891
3627 , 0.011229409478791925
3632 , 0.01831092857012249
3633 , 0.039260004040544645
3639 , 0.043425341319734155
3640 , 0.012221557627681609
3644 , 0.014427069420077123
3646 , 0.02411945576297055
3647 , 0.016018951345626694
3648 , 0.028480580557636644
3650 , 0.04720746434164921
3653 , 0.041770673097517856
3654 , 0.028274407950216032
3663 , 3.904947162295962E-4
3671 , 0.015826598801393525
3674 , 0.02768767970189888
3676 , 0.013131438134677223
3677 , 0.06770866115416888
3678 , 0.007233182738238335
3680 , 0.0245205366735829
3681 , 0.025991129354731014
3682 , 0.02397684368411875
3683 , 0.023055856297335236
3684 , 0.01864595268997676
3685 , 0.030062359378210272
3686 , 0.0
3688 , 0.0169010540321391
3691 , 0.05733485679064055
3696 , 0.03342517892243646
3701 , 0.005705060162804193
3702 , 0.03518991701275317
3704 , 0.07321402073426536
3705 , 0.005474422586426768
3707 , 0.03802969255952874
3709 , 0.0273749631968654
3712 , 0.05514647868644154
3716 , 0.012529649214729242
3719 , 0.019629936852959065
3722 , 0.03331171817080558
3723 , 0.021980744545350647
3728 , 0.020213249360992547
3729 , 0.024628462909534743
3730 , 0.021187325267715315
3731 , 0.037006423541338755
3732 , 0.012258218946967712
3738 , 0.029625686259011717
3739 , 0.019174665041586103
3742 , 0.04193115424228868
3743 , 0.015927830167886653
3748 , 0.0165741939800938
3752 , 0.026448831146565124
3753 , 0.016561042657896256
3754 , 0.05454119573909061
3755 , 0.0012757544351698566
3756 , 0.0462733472113535
3757 , 0.00989535465860195
3758 , 0.034007014926417056
3761 , 0.011782769446083934
3763 , 0.005524258845245842
3764 , 0.021551218472113047
3766 , 0.02493286689813537
3768 , 0.02333005441193103
3769 , 0.012906757988997736
3771 , 0.02781729016779488
3772 , 0.04045091585077923
3774 , 0.026906420089025634
3776 , 0.05878242850206841
3777 , 0.05195405436105389
3779 , 0.03943540706986346
3780 , 0.0206450754775164
3781 , 0.03314018704611868
3785 , 0.01966834252947624
3786 , 0.020305189162865778
3790 , 0.05288443079495032
3797 , 0.019377223415099558
3798 , 0.0024565783664179408
3799 , 0.012402324211293265
3801 , 0.0465803106230374
3802 , 0.041160368104804224
3810 , 0.06327231857145729
3811 , 0.025175956290887622
3812 , 0.0522239522507618
3813 , 0.023243656037430404
3815 , 0.012464928146518391
3817 , 0.008775436416915179
3824 , 0.009991969950123629
3825 , 0.06692324859670999
3826 , 0.06368930001245725
3827 , 0.01615749694491255
3829 , 0.04062838040768811
3831 , 0.03490046754573373
3833 , 0.0023606212358777455
3838 , 0.025295082927421234
3839 , 0.009212454739380937
3841 , 0.0
3842 , 0.02036153268759045
3844 , 4.322517565937168E-4
3846 , 0.038950050291517505
3848 , 0.05938897679891742
3851 , 0.044730746979967796
3853 , 0.02499310904564095
3856 , 0.07646824853544472
3857 , 0.012439560935518333
3858 , 0.018910367899274604
3859 , 0.04494574023692684
3865 , 0.02387214150458955
3868 , 0.05385872511446029
3869 , 0.026831369991568647
3871 , 0.04934221396531007
3873 , 0.00314726505618775
3874 , 0.03332736799499542
3875 , 0.022724325366162045
3876 , 0.01831092857012249
3877 , 0.028029852452604916
3879 , 0.007814901227462926
3884 , 0.016743750180037785
3888 , 0.0523463465239343
3889 , 0.0523463465239343
3890 , 0.014897859609749431
3893 , 0.004991686196425966
3894 , 0.023950252555198014
3895 , 0.007577523308161619
3898 , 0.03902990852960745
3900 , 0.007577523308161619
3904 , 0.03962138748681429
3911 , 0.021882735452618023
3914 , 0.026831292559085902
3915 , 0.029390020886433187
3917 , 0.053310562419780876
3920 , 0.05262292630149797
3921 , 0.0113919775400903
3924 , 0.05888864568261926
3929 , 0.022086979969127903
3930 , 0.030789772528761604
3936 , 0.018032631984477635
3937 , 0.007656834679522512
3938 , 0.014155070171669192
3939 , 0.012661351064258365
3940 , 0.18224603994360694
3941 , 0.05256992252371436
3943 , 0.01684828420687517
3944 , 0.011237445936175695
3946 , 0.035978163109798796
3948 , 0.03161301139023462
3952 , 0.11099401331977488
3953 , 0.010336286741766954
3955 , 0.004585480807446872
3956 , 0.0733388405257717
3957 , 0.045409155773629375
3958 , 0.0414628533632447
3960 , 0.03170009186673485
3961 , 0.03650209790514885
3962 , 0.044316032880622774
3964 , 7.012199470080716E-4
3965 , 0.03469732027040467
3967 , 0.04027825136024068
3973 , 0.04678115800752633
3976 , 0.023446854366169317
3977 , 0.0084828585912321
3979 , 0.04887159620245457
3986 , 0.02460897141623442
3997 , 0.03084317324579925
4000 , 0.047127556528621814
4003 , 0.05976855926841438
4004 , 0.014288238030932583
4005 , 0.03324145196340513
4006 , 0.0628313109288113
4007 , 0.05164461103012259
4008 , 0.025773786208914774
4009 , 0.004958161632918465
4010 , 0.0043511946137441
4012 , 0.016042880307761236
4013 , 0.009809094630596156
4014 , 0.023375470593631247
4016 , 0.015457817295124176
4022 , 0.01886552762210794
4023 , 0.012533402535609809
4024 , 0.05085026054791577
4025 , 0.021224205356669863
4026 , 0.010761327753870812
4028 , 0.0018397832593168009
4029 , 0.04760081530124702
4030 , 0.050119732285141175
4031 , 0.01808155513417445
4032 , 0.024890413877286435
4034 , 0.01582414701667541
4035 , 0.0075001454180565865
4036 , 5.530844702916574E-5
4038 , 0.02376313602347761
4039 , 0.02617977838010156
4041 , 0.059625464083237906
4043 , 0.014483238004918986
4044 , 0.05690234810219129
4045 , 0.004354240080973591
4047 , 0.13061073565986125
4048 , 0.0
4050 , 0.05346371570216739
4051 , 0.01405496017746666
4052 , 0.0075427298548468875
4054 , 0.026971231510376243
4056 , 0.06405782776683222
4062 , 0.03165762658658259
4064 , 0.0030583591439267634
4066 , 0.011820020967712662
4067 , 0.008902801803635726
4069 , 9.586793207347322E-4
4070 , 0.05584973727194584
4072 , 0.06160781985074932
4074 , 0.04675100109665529
4076 , 0.03278161373423665
4078 , 0.022545252610666085
4084 , 0.02912693842288188
4089 , 0.06564640949569242
4091 , 0.028172176154519873
4094 , 0.007153034406057966
4096 , 0.08999984884356929
4098 , 0.03145140856072066
4099 , 0.029230067678889533
4102 , 0.011664041367025299
4104 , 0.019512041442883456
4105 , 0.006508516846710902
4106 , 0.05621853643259882
4107 , 0.0046917485107296816
4109 , 0.09643738939029932
4110 , 0.040346518791527335
4112 , 0.021910849471876003
4113 , 0.0616416466090775
4114 , 0.0616416466090775
4115 , 0.0616416466090775
4117 , 0.0616416466090775
4119 , 0.0616416466090775
4121 , 0.027678408048920848
4122 , 0.0
4124 , 0.0720972072646889
4125 , 0.023774919092962803
4126 , 0.0236002851504696
4127 , 0.012262892306580444
4129 , 0.002981519323105064
4130 , 0.030856018900278826
4134 , 0.028186535032313467
4135 , 0.01479608897477595
4136 , 0.03747377476960123
4137 , 0.018244674163910665
4140 , 0.012151866206695896
4141 , 0.005225343058290069
4142 , 0.06053402504665174
4143 , 0.026040972238606682
4145 , 0.02485191696201629
4150 , 0.00937356133072649
4151 , 0.03234089964720012
4152 , 0.0359220741062012
4155 , 0.02721978486956101
4156 , 0.029093862999564565
4157 , 0.015193232056734791
4158 , 0.047404817846069675
4160 , 0.0031438524520339232
4162 , 0.04651545662312827
4164 , 0.004194663895886181
4165 , 0.016129385516648394
4166 , 0.022399897056706402
4168 , 0.041939456923231776
4169 , 0.07764989562099071
4170 , 6.20653259893552E-5
4171 , 0.02234820446595412
4173 , 0.024944012807332442
4174 , 0.010546938262206575
4175 , 0.03537645669314514
4176 , 0.051995545482292266
4177 , 0.020271602467571693
4178 , 0.057791828895374514
4185 , 0.029938170824928813
4186 , 0.06762276036660209
4191 , 0.011193350418500923
4192 , 0.13023052531797608
4195 , 0.027411797541439978
4196 , 0.06606042581987252
4197 , 0.015186055958780816
4198 , 0.020053043765648648
4200 , 0.039854120549056536
4201 , 0.04817690422721064
4202 , 0.0347211309628386
4205 , 0.018384565824988493
4207 , 0.016988200515807662
4208 , 0.026980813877367192
4210 , 0.00377919214183693
4213 , 0.02554645384268727
4215 , 0.0032281248814071246
4218 , 0.03334247812510691
4219 , 0.03442570918440441
4221 , 0.013773434571546131
4225 , 0.05378260336159022
4226 , 0.043382840334473566
4232 , 0.029756878513778628
4236 , 0.003046692882816553
4237 , 0.004420179950699165
4238 , 0.0
4241 , 0.04116110150313351
4242 , 0.017443957607135074
4244 , 0.026320609850075068
4249 , 0.0
4250 , 0.03724092493311547
4253 , 0.040543215252760625
4254 , 0.024183499896363328
4256 , 0.0511963314928928
4257 , 0.011910759028795813
4258 , 0.046633419283388225
4259 , 0.02310239038576602
4266 , 0.05704304966688193
4271 , 0.006257659351594998
4272 , 0.02646396871545289
4275 , 0.03958209086877
4278 , 0.04713691028453707
4279 , 0.01233716384738567
4287 , 0.028202168065344885
4293 , 0.00857280014118014
4296 , 0.054828900233384624
4297 , 0.03340365341035729
4298 , 0.034587140871987464
4299 , 0.034927352631301124
4302 , 0.026121888792758667
4303 , 0.051147102098846514
4304 , 0.08138631574122127
4307 , 0.0
4308 , 0.013762960536974182
4309 , 0.060714226443271124
4311 , 0.02658728904334457
4312 , 0.026461177030511356
4313 , 0.02464365918031459
4315 , 0.04141739971206681
4316 , 0.014102219716349444
4318 , 0.0
4320 , 0.020887526114516393
4322 , 0.10242649996568381
4324 , 0.05283428183664497
4328 , 0.01626920821071123
4330 , 0.006029611976348954
4335 , 0.021697810156700054
4337 , 0.008247556055644974
4341 , 0.0027569940231625687
4342 , 0.023201620259239865
4343 , 0.001540292940748375
4344 , 0.015502189761910076
4345 , 0.04599313097363827
4346 , 0.05736927857314179
4348 , 0.012355971964284687
4349 , 0.039797898070371936
4352 , 0.015413247826623884
4354 , 0.006052934225754046
4355 , 0.05067708761603575
4358 , 0.029552410346187354
4359 , 0.05122701142983939
4362 , 0.03945809980132421
4364 , 0.016525333971615635
4365 , 0.0032939536058904837
4371 , 0.060998566688323784
4372 , 0.028394739130590804
4374 , 0.0010092525769477756
4377 , 0.01848854491390329
4379 , 0.048024591273734804
4384 , 0.006927286074321316
4387 , 0.0041120791170264495
4389 , 0.027903719719325717
4399 , 0.02476864971763213
4401 , 0.033584099113789775
4402 , 0.007260127634272826
4403 , 0.009359417804986881
4404 , 0.007163580858801015
4405 , 0.014246880420379231
4406 , 0.06180218925954188
4412 , 0.045445498941896534
4413 , 0.03475846009872754
4414 , 0.008872702583755047
4415 , 0.012218063429308774
4416 , 0.0482298256208507
4417 , 0.019654182170981194
4418 , 0.040234598380643964
4420 , 0.04885625418834285
4421 , 0.014835207616681596
4422 , 0.0031199591086384345
4427 , 0.02290756989528169
4428 , 0.052119137755455125
4429 , 0.013069181553725929
4432 , 0.02945171822564898
4433 , 0.0311401787911045
4435 , 0.015213375948013837
4436 , 0.06115434655697832
4438 , 0.01952198563794535
4439 , 0.08511062439727894
4441 , 0.036223621952006436
4442 , 0.027728638376939636
4443 , 0.0354522926116554
4444 , 5.59051215408034E-4
4448 , 0.054956268066877825
4450 , 0.01996165306534517
4453 , 0.00665452080838941
4458 , 0.008153842327594401
4459 , 0.03724013721583311
4461 , 0.03150352845047978
4462 , 0.055973637332125334
4463 , 0.00643826921143314
4465 , 0.0293440655340899
4468 , 0.011283536239742714
4469 , 0.02050435446374947
4470 , 0.0018082018575169589
4473 , 0.0664750498307873
4474 , 0.0066509927220391295
4475 , 0.009451283598445614
4483 , 0.014233043183165492
4485 , 0.019386800953140045
4489 , 0.08138289883733725
4490 , 0.05376030962744757
4491 , 0.03841701687655616
4492 , 0.021843594086198882
4495 , 0.012548822385223013
4496 , 0.004782753506241032
4500 , 0.02708660184737485
4501 , 0.008805372554967182
4503 , 0.008152016475933492
4508 , 0.027558228370892744
4509 , 0.04635332259152832
4510 , 0.05209813133543498
4514 , 0.008502629993627782
4518 , 0.052387950840621235
4519 , 0.0383033931723602
4520 , 0.06833680430898992
4521 , 0.042157886097357454
4523 , 0.012634326686614775
4527 , 0.003308642840379096
4528 , 0.0056532173271447266
4530 , 0.007832247417062555
4532 , 0.0913067647103914
4537 , 0.02240911930314292
4539 , 0.021665225846931896
4540 , 0.03222372028746736
4542 , 0.024076497831202727
4544 , 0.089022842792066
4545 , 0.019175107346225725
4546 , 0.05698359118904008
4547 , 0.00798918533876845
4549 , 0.012187408308801911
4550 , 0.040108731298468654
4551 , 0.034695262062358206
4552 , 0.005182336115146697
4555 , 0.05621989255979355
4559 , 0.028161334778919318
4560 , 0.1525600005309139
4561 , 0.06474339884468851
4562 , 0.00523568152045882
4563 , 0.05158966924154219
4564 , 0.03840089158798816
4571 , 0.02369444518331983
4574 , 0.026782919014347404
4576 , 0.053040318810094925
4577 , 0.06437161170063453
4579 , 0.029853850102265492
4581 , 0.021051697256997674
4582 , 0.022358680105098623
4588 , 0.011571203024695484
4591 , 0.04875011757698547
4592 , 0.05152190270229837
4594 , 0.06144679179905929
4597 , 0.07536100031660245
4598 , 0.04474155277838076
4599 , 0.054263967140685807
4602 , 0.013662204251688369
4610 , 0.049583836374667775
4611 , 0.026345197572705644
4615 , 0.004605307671047585
4617 , 0.02002098777790233
4621 , 0.03630363459386969
4623 , 0.022486816376895428
4624 , 0.04789190650488887
4626 , 0.04175631775030859
4627 , 0.047726177413186195
4628 , 0.0
4629 , 0.037512125370529927
4630 , 0.037869574522901635
4631 , 0.01748883221713446
4636 , 0.036267955041198195
4639 , 0.04501937224041296
4640 , 0.05667639161584756
4643 , 0.046015461132596504
4645 , 0.017456285554704357
4646 , 0.016938927991839898
4649 , 0.02907929541250468
4650 , 0.06435361744628634
4651 , 0.048193437826521524
4652 , 0.035429890427614304
4653 , 0.035429890427614304
4659 , 0.026466740480089238
4661 , 0.012932826490800185
4662 , 0.012083290011372217
4666 , 0.05411047750923003
4667 , 0.022018035931861003
4669 , 0.03256340312940336
4670 , 0.09731988844175787
4672 , 0.06682207718405876
4675 , 0.04750528747450977
4678 , 0.004095813360981636
4679 , 0.0
4681 , 0.040105649072286385
4682 , 0.020534999195959965
4683 , 0.016891633328690748
4685 , 0.025289461767405656
4686 , 0.04718895981913653
4691 , 0.007495987957868675
4692 , 0.06328337636907007
4693 , 0.042461801105227015
4694 , 0.01828935476878479
4695 , 0.04741701104716875
4696 , 0.044425931454258806
4699 , 0.0319213421041951
4700 , 0.0446426210762558
4701 , 0.019832022108727216
4702 , 0.04012833377187342
4703 , 0.049071683757494794
4704 , 0.11617932912145112
4705 , 0.018888684072965067
4706 , 0.051756651366371184
4709 , 0.013853964814964561
4712 , 0.04169971598479701
4713 , 0.017897081395277244
4714 , 0.05823507019844233
4719 , 0.05885849047175087
4720 , 0.060085478837306236
4722 , 0.05199902581643635
4725 , 0.059626658216941214
4728 , 0.03221593958617702
4730 , 0.028639247292240818
4743 , 0.009204080969323292
4746 , 0.005785768366312992
4749 , 0.014560639863816808
4750 , 0.016450486751613747
4752 , 0.010999975937711822
4754 , 0.03869056020736256
4755 , 0.01932927908255275
4756 , 0.01087881243284535
4762 , 0.04831070544190589
4764 , 0.023190896201185952
4765 , 0.022139376226464964
4766 , 0.01757677465628545
4769 , 0.0930853102661374
4771 , 0.001860732496508766
4773 , 0.008885650212920935
4774 , 0.012883941160476052
4777 , 0.02571351982917245
4778 , 0.01883054535354034
4782 , 0.027615391985793748
4783 , 0.014116071343428021
4785 , 0.023678999857869355
4786 , 0.004892934324634523
4788 , 5.6106026128944665E-5
4789 , 0.009822976763726331
4791 , 0.0024756254426675233
4792 , 0.028658951170219268
4794 , 0.0
4796 , 0.03371300379144663
4798 , 0.039226921711453075
4799 , 0.004610146659579606
4802 , 0.04591014083242222
4806 , 0.012390442251401382
4808 , 0.005963565572973698
4812 , 0.04756632917166423
4814 , 0.01136637329848017
4815 , 0.02350371959697782
4816 , 0.02937217782171748
4818 , 0.033719672699517644
4819 , 0.02227558743206227
4823 , 0.04935852460543809
4824 , 0.019691723649449128
4825 , 0.0446693311106835
4827 , 0.025735569363988596
4828 , 0.025159505599077054
4829 , 0.05217043093374886
4831 , 0.05377555665656402
4834 , 0.05130583572954761
4835 , 0.007127835999660507
4840 , 0.01468645044708555
4841 , 8.169464604929548E-4
4842 , 0.016200302322976697
4844 , 0.03696893027444544
4847 , 0.018699869818474518
4848 , 0.018892886996451082
4850 , 0.033232404989530354
4851 , 0.026652687242733376
4853 , 5.085450705034777E-4
4854 , 0.04604622600370394
4855 , 0.022531871318782246
4856 , 0.03698338504088003
4859 , 0.02302145256488003
4862 , 0.038369487460133946
4863 , 0.0027323466503510843
4864 , 0.13068975823004458
4866 , 0.01767405287994145
4869 , 0.00955706762514358
4870 , 0.017136595584352838
4871 , 0.016192946649399343
4872 , 0.02027397607314863
4875 , 0.02235727250500796
4876 , 0.019625541552186678
4877 , 0.03042110535335983
4878 , 0.026018611228821625
4883 , 0.007855823128691696
4888 , 0.013640293186327689
4896 , 0.002404425361298087
4902 , 0.0
4903 , 0.023311079490111766
4904 , 0.0
4906 , 0.03402563841434328
4908 , 0.004810177660168366
4911 , 0.010004669060986477
4912 , 0.015649448146214794
4913 , 0.002828764676579284
4914 , 0.04312110476287253
4916 , 0.0
4917 , 0.0020066752908652775
4923 , 0.0
4924 , 0.05902136410618408
4925 , 0.008265059779052402
4926 , 0.019174349599420718
4930 , 0.04134145919719647
4935 , 6.887272130396098E-4
4936 , 0.03482920610124284
4938 , 0.0021210474449443674
4939 , 0.01320496635402567
4940 , 0.009922916533631278
4943 , 0.005166141970077346
4947 , 0.01716614665450307
4951 , 0.0
4953 , 0.010581399823843084
4954 , 0.01553113911904004
4955 , 0.009082602368867421
4958 , 0.018045167063312773
4960 , 0.009134659213961586
4962 , 0.02130257914333315
4964 , 0.014470725847788994
4965 , 0.010285093551539557
4967 , 0.016119601551496145
4970 , 0.018009099961816766
4971 , 0.0022577707647751786
4973 , 0.033878323207041726
4975 , 0.013558832721170738
4979 , 0.0712309415963589
4982 , 0.017043507896345303
4985 , 0.016942185379756922
4987 , 0.021642839702866654
4989 , 0.018053006561234788
4991 , 0.011578795013510319
4992 , 0.02256475431205318
4993 , 0.023837633053138334
4994 , 0.003342673510404516
4999 , 0.016942631754301326
5000 , 0.028288248568072893
5001 , 0.019080574150071063
5003 , 0.015819161810093966
5004 , 0.010740951644131488
5005 , 0.03766345399319425
5010 , 0.0
5012 , 0.015455037185142033
5013 , 0.0
5014 , 0.05596353696637954
5015 , 0.017982727733720463
5017 , 0.026292941034323485
5020 , 0.032845217375871136
5022 , 0.017921106817930386
5023 , 0.020600784690099135
5024 , 0.03210608823620101
5027 , 0.021652850639545806
5028 , 0.0
5032 , 2.3583149156359995E-4
5033 , 0.012989763008617195
5036 , 0.01929241413805505
5038 , 0.02295758815682575
5040 , 0.011667275800939295
5041 , 0.018463696890443086
5043 , 0.0
5044 , 0.022585043055361444
5045 , 0.008691639595934839
5050 , 0.007980389461455233
5051 , 0.014361163763308843
5052 , 0.014652568477917799
5053 , 0.0023133358665548046
5054 , 0.03358642789691593
5055 , 0.007357129795240392
5057 , 0.020675806762594076
5058 , 0.02839818784918458
5059 , 0.10850214906658324
5062 , 0.02346865824452155
5063 , 0.048631053394495735
5066 , 0.03330370565070277
5067 , 0.10366318812674621
5069 , 0.03027349409512198
5070 , 0.02815081832249569
5072 , 0.008608963855144335
5073 , 0.003840747675554424
5075 , 0.011266544692460924
5078 , 0.015504361942226095
5079 , 0.021368528518068197
5080 , 0.034969136136827166
5082 , 0.003142890187204505
5085 , 0.041364939547207824
5086 , 0.0025209448427169654
5088 , 0.0023514047234398537
5090 , 0.04517774084733528
5092 , 0.003737351500566184
5093 , 0.005458955302650389
5094 , 0.0022398778213377655
5098 , 0.010614288155241468
5100 , 0.025646532126838886
5101 , 0.03152196344489119
5103 , 0.017530728915625564
5105 , 0.04501234470166993
5106 , 6.730949291679846E-4
5107 , 0.0
5108 , 0.010946805978998693
5109 , 0.011222665980767562
5110 , 0.018559704575943053
5113 , 0.020835756378107875
5116 , 0.03422467053581814
5117 , 0.029247449323207695
5118 , 0.10715874084707427
5119 , 0.04368142244861845
5120 , 0.004192987150065318
5121 , 0.015083050187492383
5122 , 0.012198835214429021
5123 , 0.019883367621065275
5125 , 0.07552307796001179
5126 , 0.018142715252723193
5129 , 0.011011440555240025
5130 , 0.061604121017270655
5133 , 0.009747285338999346
5136 , 0.03420170993765884
5137 , 0.04869327460929521
5138 , 0.002596281558077415
5139 , 0.04131471579202621
5142 , 0.05410964517066816
5143 , 0.015746021223981204
5145 , 0.01122356703742164
5149 , 0.044584723120035814
5151 , 0.04709520370544849
5152 , 0.04806354334415774
5153 , 0.033503589552813004
5155 , 0.04159205660418702
5158 , 0.027389749168438508
5159 , 0.002868352548626387
5160 , 0.0959221584622138
5161 , 0.023171288307215005
5162 , 0.012358019203141613
5163 , 0.0423989756539148
5169 , 0.04122030488381039
5180 , 0.05973175043155802
5181 , 0.03464759951327491
5183 , 0.010564569948860797
5184 , 0.024937365500619563
5188 , 0.006071065859639198
5189 , 0.012624561827319187
5195 , 0.042342367316741236
5196 , 0.03670025168169272
5197 , 0.05466248807188067
5198 , 0.047894709593534174
5202 , 0.03317462010245447
5203 , 0.02055818125684108
5206 , 0.041980159473079426
5207 , 0.027519946362614758
5209 , 0.048968177229673004
5210 , 0.04927918955300567
5213 , 0.0
5214 , 0.07136529906219768
5216 , 0.01414648601244755
5220 , 0.027620002466614585
5221 , 0.014760251370358149
5222 , 0.04209149636070547
5224 , 0.050132965138710364
5225 , 0.01943005334515375
5226 , 0.024672353953423813
5230 , 0.02035858569092074
5231 , 0.048328675350195326
5232 , 0.05064117383447246
5234 , 0.006956022372403484
5235 , 0.03397184453292528
5236 , 0.05848045454424218
5237 , 0.08554756506908419
5238 , 0.07672261931430972
5242 , 0.05244517199114698
5243 , 0.07195662347735593
5244 , 0.0355756227610495
5247 , 0.04857118123428318
5255 , 0.04069797251408073
5257 , 0.01924419309529869
5260 , 0.04774479788145517
5265 , 0.0063885960266401205
5266 , 0.037921132965903874
5270 , 0.033392048407036676
5272 , 0.06817162843445465
5273 , 0.026413911657965423
5274 , 0.08706026512520834
5277 , 0.03552631771189188
5281 , 0.0529655219496706
5282 , 0.03731109998297076
5283 , 0.06818899190310079
5285 , 0.023366728850443205
5286 , 0.020611727933307945
5287 , 0.05859145442096471
5288 , 0.038421566131628636
5290 , 0.026094533558237015
5292 , 0.06758210992031084
5293 , 0.07536773745154732
5294 , 0.027683828823004353
5295 , 0.02145811395935187
5297 , 0.0346156672892473
5301 , 0.06193318848782947
5308 , 0.01028686709267482
5310 , 0.02527531469998949
5311 , 0.02482320450610921
5312 , 0.01784196632980785
5316 , 0.05155672280169765
5317 , 0.031825866472313336
5318 , 0.04162741817317405
5320 , 0.0209942642804572
5321 , 0.06258033520057668
5323 , 0.027718044561406762
5327 , 0.01069323391747578
5328 , 0.02927594280126031
5329 , 0.01991915417322705
5330 , 0.01802296889307639
5332 , 0.015326411661662959
5337 , 0.05676395869873439
5338 , 0.08286856079667869
5343 , 0.19321624544693303
5344 , 0.0
5345 , 0.001966494122205165
5347 , 0.0229739668610583
5348 , 0.03014595488168409
5349 , 0.0
5353 , 0.03940445567382297
5354 , 0.04343080711946379
5357 , 0.03469093639669333
5360 , 0.01359972951883758
5361 , 0.017938117095162662
5362 , 0.041090034468143084
5363 , 0.05422232666631117
5367 , 0.1096598099138102
5371 , 0.06251556324763315
5375 , 0.01091671624650933
5377 , 0.014515139595930666
5378 , 0.003225547165966164
5380 , 0.0
5382 , 0.04082898674809804
5385 , 0.03186477243807352
5387 , 0.006906039898391879
5393 , 0.01179007739786806
5394 , 0.037732380806487054
5395 , 0.018543220253575764
5396 , 0.03963706982307019
5397 , 0.036802985784024925
5398 , 0.032273547170326024
5401 , 0.046786200983191445
5403 , 0.02060502784741247
5404 , 0.004375922951614193
5406 , 0.05816539100383325
5407 , 0.03766452485599237
5408 , 0.0435437381695833
5411 , 0.0013946755857058523
5418 , 0.022246728065667312
5419 , 0.058327766537073555
5421 , 0.06759629640732166
5423 , 0.05083758304491172
5426 , 0.030203668393079974
5428 , 0.03332151814136259
5431 , 0.03936919093167995
5432 , 0.0383725176007368
5433 , 0.07372291159755745
5434 , 0.1558247278163441
5435 , 0.05141031941043869
5437 , 0.05133602002636003
5438 , 0.05714712705816228
5441 , 0.0403454119241879
5442 , 0.014664764946874643
5443 , 0.08283802561631351
5447 , 0.041920788104858435
5454 , 0.014367204167757395
5455 , 0.03908311576525314
5456 , 0.005555605720629766
5458 , 0.02935537680667017
5461 , 0.05640966662888462
5463 , 0.016283480175556888
5464 , 0.01666695128055564
5465 , 0.033794669246998386
5468 , 0.029217403747254494
5469 , 0.024571609587447807
5470 , 0.0275477608992721
5474 , 0.010694479294238932
5475 , 0.04992614910124422
5477 , 0.028272582379490784
5478 , 0.022018216269887026
5479 , 0.024633651142989203
5483 , 0.02332502012618919
5485 , 0.0
5488 , 0.022693689684291262
5493 , 0.05001481681066726
5494 , 0.003579417161958313
5495 , 0.02782784414070623
5496 , 0.03292514452760744
5498 , 0.026357748084577543
5499 , 0.0022662159583586236
5500 , 0.06753307362660539
5502 , 0.01719670850366991
5503 , 0.03346554859058848
5504 , 0.053101013775422305
5505 , 0.015287692076761075
5507 , 0.020492088521870785
5509 , 0.025712844303309786
5515 , 0.03920144295311067
5516 , 0.025318989295184467
5517 , 0.0
5519 , 0.01999191683991391
5521 , 0.03115089890019574
5522 , 0.013706616277990413
5525 , 0.06241051779862328
5529 , 0.03796302327570869
5533 , 0.03154266017912478
5535 , 0.024135588095454966
5536 , 0.007688562942771041
5537 , 0.023520085796076777
5539 , 0.012931748872040095
5540 , 0.04998634348741849
5541 , 0.025355478843819126
5543 , 0.0311833547325248
5544 , 0.03045525833614687
5545 , 0.0014366669840564943
5550 , 0.06644491433874716
5552 , 0.018284856536942132
5553 , 0.04757288116649044
5554 , 0.04067730766674504
5558 , 0.03778891618346045
5559 , 0.06822426446228413
5560 , 0.04335218798931724
5561 , 0.07587329941163874
5563 , 0.026858352649035307
5564 , 0.09935131836041954
5567 , 0.015652601756466867
5569 , 0.01940416164953098
5570 , 0.02459300595359033
5571 , 0.08086878382298696
5573 , 0.040058317497566484
5575 , 0.020656811560351953
5576 , 0.027962474681064844
5577 , 0.03805437311605655
5579 , 0.06328736938183373
5581 , 0.024910700321101906
5585 , 0.006304678867294566
5587 , 0.03707001849959749
5588 , 0.056908379618042994
5589 , 0.019962849782221133
5590 , 0.022605559381231204
5591 , 0.0290936040646664
5593 , 0.013037434782643477
5594 , 0.026595871837433355
5596 , 0.03845586325724769
5600 , 0.029824687776497376
5602 , 0.04866307085858496
5604 , 0.01821243582447198
5605 , 0.029978050888100228
5607 , 0.03454752527978689
5610 , 0.04813644084195981
5612 , 0.005378432111074397
5613 , 0.03002527734568034
5618 , 0.08992214418140294
5619 , 0.024050350779773046
5620 , 0.024050350779773046
5622 , 0.0395430799621611
5623 , 0.06122141111281548
5625 , 0.032222678661231026
5626 , 0.02508493081075537
5630 , 0.03367972041169303
5631 , 0.04378126266598561
5632 , 0.041536818849781304
5634 , 0.010982161069382023
5635 , 0.037608946895809375
5636 , 0.0022662159583586236
5637 , 0.012483553772347146
5640 , 0.03320057613790586
5641 , 0.06628134541761811
5644 , 0.02566004163002049
5645 , 0.0
5646 , 0.03109056474425586
5648 , 0.026072656811311663
5649 , 0.011237556181278443
5650 , 0.004765426547962451
5651 , 0.0018644621535612972
5652 , 0.05442630935743307
5657 , 0.019871301948194385
5658 , 0.0022662159583586236
5659 , 0.026268049191587706
5660 , 0.04316551343003236
5661 , 0.015757057797866535
5662 , 0.002208204462365953
5663 , 0.038946453677375155
5664 , 0.02364804326911512
5667 , 0.014164567062032793
5668 , 0.018486529882961004
5669 , 0.010802749056962338
5670 , 0.045880283626767056
5671 , 0.020393725523158854
5677 , 0.016750093305345663
5678 , 0.02448123882824092
5681 , 0.033054395523414694
5683 , 0.020725380001852877
5684 , 0.0022662159583586236
5685 , 0.03304845535223554
5688 , 0.012191751994859336
5690 , 0.023592333184230513
5691 , 0.03431030147633601
5693 , 0.019238958212716338
5695 , 0.026724050791669035
5697 , 0.018690437225181763
5698 , 0.028426611664600455
5699 , 0.05056981132431211
5702 , 0.01661785294483926
5706 , 0.018145996369336843
5707 , 0.011518811166217082
5708 , 0.0019831576895157736
5709 , 0.031347283300032364
5710 , 0.05464176928845974
5714 , 0.05397950365266605
5717 , 1.3318562430813576
5719 , 0.340457884700312
5720 , 0.6541011593329633
5722 , 0.3985115741114539
5723 , 1.1111907951882758
5724 , 0.6646146518852988
5726 , 1.2777359505932795
5727 , 0.38559227123812967
5730 , 0.4195196884672379
5731 , 0.534046952032101
5732 , 0.9587305263087252
5735 , 0.7036330376446172
5736 , 0.598072624112408
5737 , 0.38677569196775835
5738 , 0.35881521668020305
5739 , 0.6792858414908461
5741 , 0.5001776506313659
5746 , 0.6013488920814494
5747 , 0.6437569139464747
5748 , 0.6978568982572535
5750 , 0.27812590433387296
5751 , 0.7196769489353924
5753 , 1.3196999098954632
5754 , 0.4521640236940391
5756 , 0.7322955417457997
5757 , 0.7066758261410259
5759 , 0.32784560589725925
5760 , 0.7670818111338898
5762 , 1.0614823822063648
5772 , 0.7124010493274292
5773 , 0.48037140925962096
5774 , 0.8373195229853279
5775 , 0.5039927908259475
5776 , 1.3252899146992916
5777 , 0.5244620732927526
5779 , 0.48873066094040957
5780 , 0.408480800989069
5782 , 0.2519398203745584
5784 , 0.31314982070404274
5785 , 0.9553802774119642
5789 , 0.31221711663283336
5791 , 0.6951298887254295
5793 , 0.2846864635826237
5794 , 0.4496026141524895
5796 , 0.8584182835423534
5797 , 0.6928352153326214
5798 , 0.7391321593300035
5799 , 1.3758619376820824
5800 , 0.6295188442024134
5801 , 0.3329943322915065
5803 , 1.06050844627656
5804 , 1.0487443336533018
5807 , 0.33047173957692316
5810 , 1.2411333261602302
5811 , 0.3849653926196973
5813 , 0.49382041524183184
5816 , 0.7858089780292075
5819 , 0.4448879727697328
5820 , 0.4316252231771748
5822 , 0.5383725899472844
5827 , 0.7159491226057999
5828 , 0.8587472393476587
5829 , 0.5299360944175651
5830 , 0.5034212247069879
5835 , 0.3700600049946011
5836 , 0.59221536242936
5837 , 0.017449056317855673
5838 , 0.6967841411039913
5839 , 0.701608772863105
5845 , 0.22543613599851803
5847 , 0.6836480175547732
5849 , 0.5497828514386736
5851 , 0.33889580908368167
5852 , 0.8863067098454014
5853 , 1.2221198701122447
5858 , 1.0814696656712293
5860 , 0.16720942852972143
5863 , 0.32896266320463735
5866 , 0.6901983424007319
5868 , 0.7184664535681567
5869 , 0.20070765614383024
5870 , 0.8601344112235061
5871 , 0.5113126426810398
5872 , 0.15479686724637734
5874 , 0.42719793293691083
5877 , 0.3636357578122423
5878 , 1.0600808239107469
5879 , 0.5804922510828806
5881 , 0.38663088756954817
5882 , 0.26129120165405373
5884 , 0.32063137659142443
5885 , 0.21502573883113038
5886 , 0.20390269867359057
5891 , 0.322037142814385
5894 , 0.6610272155515955
5895 , 0.4148302568090025
5896 , 0.3864625385564779
5897 , 0.3660150859295663
5899 , 0.16763329449809874
5903 , 0.7533441226179471
5904 , 0.30747685705319117
5905 , 0.38722317275273604
5906 , 0.3657737098010919
5907 , 0.39465582610650857
5910 , 0.39747218419944813
5912 , 0.45604425508880037
5913 , 0.3698821454142339
5914 , 0.8574654640784298
5918 , 0.5993861637954417
5921 , 0.9264184014416631
5926 , 1.0678076357740751
5927 , 0.3147283520793861
5930 , 0.14881149318942039
5931 , 0.19391111974386305
5935 , 0.3529865954635385
5938 , 0.5753438802882874
5941 , 0.40309945068989667
5942 , 1.131473729992214
5944 , 1.3709347138060184
5945 , 0.4432847316160172
5948 , 0.2811161886521765
5954 , 1.0752970436351235
5956 , 0.7037519112050248
5957 , 0.33130263602112553
5959 , 1.0443611091873055
5962 , 0.9526249587175901
5963 , 0.38149018640575477
5964 , 0.7727931258878359
5966 , 0.5611792153941354
5967 , 0.25811446432795054
5969 , 0.47184199745731176
5971 , 0.3959774856664537
5973 , 0.48079889706554335
5977 , 1.2367690257492412
5978 , 0.4870226150977677
5980 , 0.5705346785200853
5981 , 0.6887751679226307
5982 , 0.9944259262239543
5983 , 0.5699794222188375
5984 , 1.1787935417741502
5985 , 0.7053103044359051
5986 , 0.308081754128507
5988 , 1.0617321181834
5991 , 0.39631324268392054
5992 , 0.9287355699872398
5995 , 0.8523797692874101
5996 , 0.40113596809267826
5997 , 0.5620073565190061
5998 , 0.48565637720505905
6002 , 0.056854909146343335
6004 , 0.048828530485163724
6006 , 0.03811055073908757
6007 , 0.2514774676975719
6009 , 0.03201911883178849
6010 , 0.05624439219608025
6012 , 0.04208100766731631
6013 , 0.06337944636650263
6014 , 0.03307345849960818
6015 , 0.026862392681589464
6017 , 0.00861573444369318
6020 , 0.0700100889894523
6025 , 0.06934206027884221
6029 , 0.06065437457059788
6030 , 0.05245476977484983
6036 , 0.03189046414991155
6044 , 0.06917416536967663
6047 , 0.016992208864673525
6049 , 0.042360871959203
6051 , 0.03821064947677835
6054 , 0.03288852608649313
6057 , 0.05954342327236804
6060 , 0.06430166624580279
6061 , 0.07104804260466702
6062 , 0.07431135595726673
6063 , 0.01474465806138141
6065 , 0.021421316884900402
6067 , 0.011843996144158545
6072 , 0.04916815058699502
6074 , 0.0356328298487647
6075 , 0.019376978437888902
6077 , 0.0324512708295297
6079 , 0.15318388931771026
6080 , 0.12649746973314951
6081 , 0.04580151379379523
6088 , 0.020066073382928398
6089 , 0.0436081221749189
6091 , 0.05589518941468939
6093 , 0.007201128300769806
6094 , 0.042362777682825245
6095 , 0.017863914917597062
6097 , 0.03672859430752548
6099 , 0.04299327430764008
6101 , 0.031334969607405325
6102 , 0.028370603621273135
6106 , 0.009952952922056717
6107 , 0.06430131802234197
6110 , 0.11373425785807795
6111 , 0.06644754153410745
6113 , 0.09173234673326867
6115 , 0.040695291730541726
6116 , 0.08097145641776905
6117 , 0.08226596152262652
6118 , 0.049502081737655045
6119 , 0.050631728437061096
6121 , 0.06636757786860509
6122 , 0.017659954979142592
6125 , 0.049023401027513125
6126 , 0.009841357277336166
6134 , 0.026369044129358206
6137 , 0.0306936268627191
6138 , 0.059126557443013344
6139 , 0.023673959921600794
6140 , 0.025280111876123213
6142 , 0.011158015302464543
6144 , 0.02085346299811563
6145 , 0.07903973614005284
6156 , 0.05359114403712672
6157 , 0.031076877589453468
6158 , 0.14038465908234185
6159 , 0.020490995143306566
6164 , 0.09604420201551073
6166 , 0.06487200286996472
6168 , 0.07534028178565179
6170 , 0.043399941776276374
6173 , 0.04326769501208752
6175 , 0.05863243741128101
6176 , 0.042667774162928586
6177 , 0.02439038742968135
6179 , 0.03074714047623931
6183 , 0.05099757189605087
6185 , 0.06414421428160405
6188 , 0.05526678475565205
6191 , 0.07794976704765907
6194 , 0.031918604270910166
6197 , 0.06554944843403976
6198 , 0.016863782073418494
6200 , 0.129583382816208
6201 , 0.057391949110212954
6202 , 0.053906415101031877
6204 , 0.05703871747691524
6206 , 0.29053640260670915
6210 , 0.02848926499575438
6213 , 0.09846423864948685
6215 , 0.057821308019315246
6216 , 0.036464590576620874
6217 , 0.04286399950638949
6222 , 0.051870028281679054
6223 , 0.028792037177823946
6228 , 0.044671146462733756
6229 , 0.035077828263774674
6232 , 0.0610066328196359
6233 , 0.025824460817022787
6234 , 0.024746167255259827
6235 , 0.024746167255259827
6236 , 0.024746167255259827
6239 , 0.0957253772189131
6240 , 0.0722275329006299
6241 , 0.003312487123644034
6247 , 0.03138548754314569
6248 , 0.04365738825902382
6252 , 0.06115762061005714
6253 , 0.02782912370050774
6257 , 0.04723718087131886
6260 , 0.10557033215507385
6261 , 0.04495568490749479
6262 , 0.020835105986173698
6263 , 0.0637851912805654
6264 , 0.06381129988844553
6265 , 0.07630166845524936
6266 , 0.05211629154540502
6267 , 0.0775851593477794
6268 , 0.013386369624001516
6271 , 0.018399176802884547
6274 , 9.029372711613918E-4
6277 , 9.141543133102257E-4
6278 , 9.258000606786017E-4
6280 , 0.05264250652322054
6281 , 0.0445988209995847
6286 , 0.0836447252347999
6287 , 0.046876995122594085
6289 , 0.06783639563084143
6290 , 0.04790666395951022
6291 , 0.0800303258493348
6292 , 0.05540857866195767
6293 , 0.06725025830282168
6297 , 0.06567319655839077
6299 , 0.021052884156610836
6300 , 0.024127866525211036
6301 , 0.02411511710347805
6302 , 0.05149225279840337
6304 , 0.024746167255259827
6307 , 0.04271828247628333
6308 , 0.09587313581194669
6311 , 0.04604777998084511
6312 , 0.024619191031573284
6313 , 0.040054087197763495
6315 , 0.02011711379314456
6318 , 0.1106408916582377
6319 , 0.10309230215348701
6321 , 0.06146428088444156
6324 , 0.05661453158188272
6325 , 0.03190841793216089
6329 , 0.08306802585040449
6331 , 0.05206472686658084
6335 , 0.08063290017547384
6336 , 0.0610931529669752
6340 , 0.027449602606046022
6341 , 0.022927804029217885
6342 , 0.014834072732676598
6343 , 0.06173886800730165
6348 , 0.05672040642740341
6349 , 0.05284964925159235
6351 , 0.06737167519861839
6361 , 0.038922370601204355
6362 , 0.16461897410020548
6364 , 0.06975026882921324
6365 , 0.07025064979491318
6366 , 0.033916660103938526
6368 , 0.03697854128461162
6370 , 0.055692645923050545
6374 , 0.0346445677671702
6376 , 0.03225752266540117
6377 , 0.05069113717532186
6378 , 0.07933069374182207
6381 , 0.07527772856303093
6383 , 0.04385265060540887
6386 , 0.034862268643535504
6388 , 0.0749036484446169
6389 , 0.05941931739692176
6392 , 0.07854613602762417
6393 , 0.05506419305224915
6395 , 0.04480642330426364
6397 , 0.07292814298816262
6399 , 0.04766346348556542
6401 , 0.04291538671459595
6403 , 0.019849437110075023
6404 , 0.13146258267674055
6405 , 0.043484498853432134
6406 , 0.07633981879646126
6407 , 0.03472218006698024
6409 , 0.03770651308998286
6410 , 0.047189725793754175
6411 , 0.031619907221166185
6412 , 0.058005366607905263
6415 , 0.04329629549969764
6419 , 0.01396654731283223
6420 , 0.16596034154548878
6421 , 0.0590451014302328
6425 , 0.02085346299811563
6426 , 0.0562756105032996
6430 , 0.06271190913869107
6431 , 0.0370574645904293
6434 , 0.08051959740336469
6439 , 0.055008001876247416
6440 , 0.02977535357886134
6441 , 0.040983287879137485
6444 , 0.05672612281632604
6446 , 0.04760387472713911
6447 , 0.0
6449 , 0.00900460184682298
6450 , 0.07324840464061784
6452 , 0.14038465908234185
6453 , 0.020490995143306566
6454 , 0.0642605281644738
6457 , 0.05051611813869468
6458 , 0.05686305572418568
6460 , 0.05040815498101839
6465 , 0.03650653224728879
6466 , 0.041748804593196534
6472 , 0.02256742587804324
6473 , 0.08018057917156632
6479 , 0.027357588667038885
6480 , 0.2666159805720779
6483 , 0.04135635250292901
6484 , 0.041840918713742827
6486 , 0.1271796380178602
6487 , 0.018014062629784965
6488 , 0.04150878178742212
6489 , 0.06895892926416866
6492 , 0.026901276935517075
6493 , 0.10582379173591967
6495 , 0.08025616495308323
6498 , 0.036500371181132106
6499 , 0.06866183347432252
6500 , 0.06352658550829253
6502 , 0.027776619649991324
6503 , 0.022880728280025877
6505 , 0.05699075158123683
6506 , 0.09099882372603518
6507 , 0.04083772432956108
6509 , 0.14844284147002113
6514 , 0.04332259451913599
6517 , 0.038067670650562005
6522 , 0.014537258427965622
6523 , 0.06464194201841143
6526 , 0.054017198288570024
6528 , 0.022494907510789697
6531 , 0.04338813806148958
6532 , 0.07252002699168221
6533 , 0.08737339686145479
6534 , 0.02963795056176091
6535 , 0.04735005394346316
6539 , 0.014052185573613043
6540 , 0.03859928228991797
6541 , 0.031650764030804066
6542 , 0.01858432158535704
6545 , 0.010992929924116967
6547 , 0.05911832908030415
6548 , 0.3633879448826308
6550 , 0.0650442310413644
6552 , 0.03872049609096831
6554 , 0.06363629521885891
6556 , 0.024746167255259827
6557 , 0.0689893173882748
6559 , 0.035040861534263834
6560 , 0.04465296794075593
6561 , 0.06077759581204913
6564 , 0.029683331335545817
6565 , 0.01749767136852592
6566 , 0.04073411990511212
6569 , 0.04368142244861845
6570 , 0.32091805379091787
6573 , 0.13949616873307844
6574 , 0.5262870685350007
6576 , 0.15372223854564268
6579 , 0.04847404654215069
6580 , 0.07316432161860843
6581 , 0.10707746059793251
6584 , 0.20370164827207488
6586 , 0.10146781947391376
6587 , 0.22452328240667602
6588 , 0.38555930656984005
6590 , 0.3757479795425883
6591 , 0.0758172539047408
6593 , 0.2143492555367582
6594 , 0.11814630762675687
6595 , 0.14208586108199042
6596 , 0.08687543187398551
6598 , 0.2666159805720779
6599 , 0.30654205677512414
6601 , 0.22255930186570533
6603 , 0.10476826687874059
6604 , 0.346798681045637
6606 , 0.11537305077566934
6609 , 0.10136645861658627
6610 , 0.09353227447093605
6611 , 0.11132880334627947
6613 , 0.11649505772884176
6614 , 0.06464194201841143
6615 , 0.0792254895477833
6618 , 0.27806076218262366
6619 , 0.3170730524502721
6621 , 0.28586613188461824
6622 , 0.06430166624580279
6623 , 0.1372910091052264
6624 , 0.244244562138121
6628 , 0.17781092152911154
6629 , 0.35111380970690265
6630 , 0.19821233177961914
6632 , 0.03888599961346802
6634 , 0.42268115499014963
6636 , 0.2926892665471057
6640 , 0.1139109950146075
6650 , 0.7462965066988048
6652 , 0.2501351577168745
6653 , 0.22757802342263428
6656 , 0.104123075973952
6657 , 0.03067423726182735
6659 , 0.24870458976327123
6662 , 0.18101801861115377
6664 , 0.3078231929396626
6666 , 0.32084991363660104
6667 , 0.03644172391272086
6668 , 0.12611129909480437
6672 , 0.18796857970784003
6673 , 0.14909699905005788
6677 , 0.14733531243190406
6678 , 0.18557728079520894
6679 , 0.04823911040493903
6680 , 0.16852387801287586
6682 , 0.04761624394919698
